0 0 0 0 0 0 	0.000000000		0.000000000	18
0 0 0 1 0 1 	0.978116167		0.000001667	5
0 0 0 2 0 2 	2.934327019		0.000010000	2
0 0 0 3 0 3 	5.868573959		0.000010000	4
0 0 0 4 0 4 	9.780775959		0.000010138	8
0 0 0 5 0 5 	14.667889415		0.007071075	6
0 0 0 6 0 6 	20.535662415		0.007071075	7
0 0 0 1 1 1 	20.941206388		0.000010138	5
0 0 0 1 1 0 	20.953801135		0.000010138	5
0 0 0 2 1 2 	22.884665288		0.000010000	6
0 0 0 2 1 1 	22.922446930		0.000010000	6
0 0 0 3 1 3 	25.799797187		0.000010000	6
0 0 0 3 1 2 	25.875361737		0.000010000	7
0 0 0 7 0 7 	27.380988414		0.007071075	7
0 0 0 4 1 4 	29.686543187		0.000010138	6
0 0 0 4 1 3 	29.812471749		0.000010138	7
0 0 0 5 1 5 	34.544917501		0.000200257	9
0 0 0 5 1 4 	34.733784482		0.000200257	8
0 0 0 8 0 8 	35.206849507		0.003377885	6
0 0 0 6 1 6 	40.374598502		0.000200264	10
0 0 0 6 1 5 	40.638993498		0.000200264	9
0 0 0 9 0 9 	44.006558481		0.000283050	7
0 0 0 7 1 7 	47.175562492		0.000200271	15
0 0 0 7 1 6 	47.528056502		0.000200271	10
0 0 0 10 0 10 	53.782910257		0.000529253	12
0 0 0 8 1 8 	54.947642477		0.000283034	15
0 0 0 8 1 7 	55.400856644		0.000283034	10
0 0 0 9 1 9 	63.690610844		0.000346567	8
0 0 0 9 1 8 	64.256912945		0.000346567	10
0 0 0 11 0 11 	64.532919484		0.002059152	9
0 0 0 10 1 10 	73.404160053		0.000400135	13
0 0 0 10 1 9 	74.096677310		0.000400135	12
0 0 0 12 0 12 	76.265941620		0.000529255	9
0 0 0 2 2 1 	82.759460203		0.000010000	6
0 0 0 2 2 0 	82.759466242		0.000010000	6
0 0 0 11 1 11 	84.088743647		0.000490009	8
0 0 0 11 1 22 	84.088958248		0.000447335	1
0 0 0 11 1 10 	84.919034288		0.000447335	12
0 0 0 3 2 2 	85.692758785		0.000010000	7
0 0 0 3 2 1 	85.692788132		0.000010000	9
0 0 0 13 0 13 	88.971931331		0.000490011	8
0 0 0 4 2 3 	89.603723813		0.000010138	10
0 0 0 4 2 2 	89.603809140		0.000010138	11
0 0 0 5 2 4 	94.492352523		0.000200257	9
0 0 0 5 2 3 	94.492399027		0.000200257	12
0 0 0 12 1 12 	95.743143326		0.000490009	13
0 0 0 12 1 11 	96.724583220		0.000529253	6
0 0 0 6 2 5 	100.358363538		0.000200264	12
0 0 0 6 2 4 	100.358615014		0.000200264	13
0 0 0 14 0 14 	102.653413306		0.000490014	11
0 0 0 7 2 6 	107.201711568		0.000200271	13
0 0 0 7 2 5 	107.202292988		0.000200271	14
0 0 0 13 1 13 	108.367838317		0.000490011	16
0 0 0 13 1 12 	109.512480895		0.000529253	13
0 0 0 8 2 7 	115.022349577		0.000283034	10
0 0 0 8 2 6 	115.023214709		0.000283034	12
0 0 0 15 0 15 	117.310238931		0.000529258	9
0 0 0 14 1 14 	121.962320919		0.000529255	15
0 0 0 14 1 13 	123.282977388		0.000529257	12
0 0 0 9 2 8 	123.819726359		0.000346567	11
0 0 0 9 2 7 	123.821293166		0.000346567	14
0 0 0 16 0 16 	132.941942039		0.000529261	10
0 0 0 10 2 9 	133.593797324		0.000400135	12
0 0 0 10 2 8 	133.596988248		0.000400135	15
0 0 0 15 1 15 	136.526222041		0.000529258	16
0 0 0 15 1 14 	138.035215141		0.000565784	11
0 0 0 11 2 10 	144.344981904		0.000447335	12
0 0 0 11 2 9 	144.348971103		0.000447335	13
0 0 0 17 0 17 	149.548116330		0.000565788	10
0 0 0 16 1 16 	152.059237326		0.000565786	15
0 0 0 16 1 15 	153.769008466		0.000565787	12
0 0 0 12 2 11 	156.071948062		0.000490009	10
0 0 0 12 2 10 	156.077972241		0.000490009	14
0 0 0 18 0 18 	167.128339318		0.000565791	10
0 0 0 17 1 17 	168.561045306		0.000565789	13
0 0 0 13 2 12 	168.775451817		0.000490013	15
0 0 0 13 2 11 	168.783443555		0.000529253	16
0 0 0 17 1 16 	170.484182653		0.000632544	13
0 0 0 14 2 13 	182.454718406		0.000529256	11
0 0 0 14 2 12 	182.465474737		0.000529255	13
0 0 0 3 3 1 	185.280220023		0.000010000	5
0 0 0 3 3 0 	185.280220490		0.000010000	4
0 0 0 19 0 19 	185.682047632		0.000600099	9
0 0 0 18 1 18 	186.031201633		0.000600096	10
0 0 0 18 1 17 	188.180010086		0.000632547	8
0 0 0 4 3 1 	189.189513542		0.000200250	6
0 0 0 4 3 2 	189.189589002		0.000010138	6
0 0 0 5 3 2 	194.075995146		0.000200257	10
0 0 0 5 3 3 	194.076111664		0.000200257	7
0 0 0 15 2 14 	197.109462762		0.000529259	11
0 0 0 15 2 13 	197.123474612		0.000565784	9
0 0 0 6 3 3 	199.939647131		0.000200264	9
0 0 0 6 3 4 	199.939708996		0.000283024	10
0 0 0 19 1 19 	204.469427470		0.000600100	12
0 0 0 20 0 20 	205.208860490		0.000600102	7
0 0 0 7 3 4 	206.780251520		0.000200293	9
0 0 0 7 3 5 	206.780400258		0.000200311	12
0 0 0 19 1 18 	206.856308297		0.000663412	11
0 0 0 16 2 15 	212.739435885		0.000600093	10
0 0 0 16 2 14 	212.757352826		0.000565786	11
0 0 0 8 3 5 	214.597599805		0.000283034	13
0 0 0 8 3 6 	214.597968378		0.000283034	14
0 0 0 9 3 6 	223.391550881		0.000346567	9
0 0 0 9 3 7 	223.391925156		0.000346567	11
0 0 0 20 1 20 	223.875276312		0.000600157	11
0 0 0 21 0 21 	225.708205316		0.000600160	8
0 0 0 20 1 19 	226.512689215		0.000663415	10
0 0 0 17 2 16 	229.344090692		0.000600096	12
0 0 0 17 2 15 	229.366907611		0.000600095	10
0 0 0 10 3 8 	233.162249111		0.000400135	11
0 0 0 10 3 7 	233.162526925		0.000400135	11
0 0 0 11 3 8 	243.909107966		0.000447335	9
0 0 0 11 3 9 	243.909373367		0.000447335	12
0 0 0 21 1 21 	244.248310923		0.000632552	12
0 0 0 18 2 17 	246.923386468		0.000632547	9
0 0 0 18 2 16 	246.951735678		0.000600097	10
0 0 0 21 1 20 	247.148690710		0.000663467	9
0 0 0 22 0 22 	247.179522932		0.000632554	7
0 0 0 12 3 10 	255.632046100		0.000490009	10
0 0 0 12 3 9 	255.632134227		0.000490009	9
0 0 0 19 2 18 	265.476596723		0.000632550	9
0 0 0 19 2 17 	265.511672642		0.000632547	11
0 0 0 22 1 22 	265.587962747		0.000632607	11
0 0 0 13 3 11 	268.330874818		0.000490015	11
0 0 0 13 3 10 	268.330894917		0.000529253	8
0 0 0 22 1 21 	268.763732458		0.000692909	9
0 0 0 23 0 23 	269.622119738		0.000632613	10
0 0 0 14 3 11 	282.005229221		0.000529257	10
0 0 0 14 3 12 	282.005272289		0.000529258	11
0 0 0 20 2 19 	285.003561789		0.000632605	9
0 0 0 20 2 18 	285.046423720		0.000632550	12
0 0 0 23 1 23 	287.893886818		0.000663419	12
0 0 0 23 1 22 	291.357170015		0.000721241	9
0 0 0 24 0 24 	293.035507826		0.000663421	8
0 0 0 15 3 12 	296.654771556		0.000565784	8
0 0 0 15 3 13 	296.654801003		0.000565784	7
0 0 0 21 2 20 	305.503846739		0.000663417	9
0 0 0 21 2 19 	305.555654175		0.000632605	10
0 0 0 24 1 24 	311.165569615		0.000663475	11
0 0 0 16 3 13 	312.279416486		0.000565787	10
0 0 0 16 3 14 	312.279437212		0.000600095	8
0 0 0 24 1 23 	314.928804607		0.000721197	8
0 0 0 25 0 25 	317.419044614		0.000663477	8
0 0 0 22 2 21 	326.976793060		0.000663470	8
0 0 0 22 2 20 	327.039016682		0.000663417	9
0 0 0 4 4 1 	328.254903604		0.000200250	4
0 0 0 4 4 0 	328.254922915		0.000200250	4
0 0 0 17 3 15 	328.878748834		0.000600095	9
0 0 0 17 3 14 	328.878921416		0.000632544	10
0 0 0 5 4 1 	333.138625952		0.000200257	7
0 0 0 5 4 2 	333.138679947		0.000283019	6
0 0 0 25 1 25 	335.402560456		0.000692913	11
0 0 0 6 4 3 	338.998823479		0.000283024	5
0 0 0 6 4 2 	338.998904937		0.000200264	6
0 0 0 25 1 24 	339.477913145		0.000721248	8
0 0 0 26 0 26 	342.772140465		0.000692915	8
0 0 0 7 4 4 	345.835588017		0.000283029	8
0 0 0 7 4 3 	345.835621245		0.000283050	7
0 0 0 18 3 15 	346.452478676		0.000600098	11
0 0 0 18 3 16 	346.452491597		0.000632546	12
0 0 0 23 2 22 	349.421959952		0.000692911	8
0 0 0 23 2 21 	349.495855452		0.000692957	9
0 0 0 8 4 5 	353.648489030		0.000283050	11
0 0 0 8 4 4 	353.648559234		0.000283062	9
0 0 0 26 1 26 	360.604165233		0.000692966	8
0 0 0 9 4 5 	362.437381240		0.000346567	9
0 0 0 9 4 6 	362.437481237		0.000346567	12
0 0 0 19 3 17 	364.999865953		0.000632548	10
0 0 0 19 3 16 	365.000060318		0.000632574	10
0 0 0 26 1 25 	365.004188081		0.000748417	6
0 0 0 27 0 27 	369.094093206		0.000774727	6
0 0 0 10 4 7 	372.202294624		0.000400135	11
0 0 0 10 4 6 	372.202518746		0.000400135	9
0 0 0 24 2 23 	372.839068968		0.000692964	11
0 0 0 24 2 22 	372.926469829		0.000692911	11
0 0 0 11 4 7 	382.942918365		0.000447335	10
0 0 0 11 4 8 	382.943103714		0.000447335	11
0 0 0 20 3 18 	384.521062465		0.000663412	10
0 0 0 20 3 17 	384.521174541		0.000663414	12
0 0 0 27 1 27 	386.769858071		0.000721201	9
0 0 0 27 1 26 	391.506490694		0.000748466	7
0 0 0 12 4 9 	394.659148140		0.000490009	12
0 0 0 12 4 8 	394.659255893		0.000490009	7
0 0 0 28 0 28 	396.384235451		0.000800082	4
0 0 0 25 2 24 	397.227343084		0.000721199	7
0 0 0 25 2 23 	397.329922686		0.000692964	10
0 0 0 21 3 19 	405.015422441		0.000663415	12
0 0 0 21 3 18 	405.015748966		0.000663467	13
0 0 0 13 4 9 	407.350520269		0.000529253	8
0 0 0 13 4 10 	407.350601062		0.000529253	12
0 0 0 28 1 28 	413.899172770		0.000748466	6
0 0 0 28 1 27 	418.984637151		0.000774681	9
0 0 0 14 4 11 	421.016824497		0.000565781	11
0 0 0 14 4 10 	421.016853639		0.000529259	8
0 0 0 26 2 25 	422.586536675		0.000721250	8
0 0 0 26 2 24 	422.706137918		0.000721199	12
0 0 0 29 0 29 	424.641001747		0.000871895	7
0 0 0 22 3 20 	426.482315658		0.000663467	10
0 0 0 22 3 19 	426.482666561		0.000692909	10
0 0 0 15 4 12 	435.657906090		0.000565785	11
0 0 0 15 4 11 	435.657921198		0.000565786	7
0 0 0 29 1 29 	441.991444248		0.000774681	9
0 0 0 29 1 28 	447.437734826		0.000800126	6
0 0 0 27 2 26 	448.915729663		0.000748419	6
0 0 0 23 3 21 	448.921891493		0.000692983	10
0 0 0 23 3 20 	448.922224565		0.000721241	10
0 0 0 27 2 25 	449.054348793		0.000721250	11
0 0 0 16 4 12 	451.273382976		0.000600093	7
0 0 0 16 4 13 	451.273439655		0.000600093	11
0 0 0 30 0 30 	453.864831910		0.000894500	10
0 0 0 17 4 14 	467.862912587		0.000600096	10
0 0 0 17 4 13 	467.862968377		0.000632545	9
0 0 0 30 1 30 	471.045512942		0.000848647	6
0 0 0 24 3 22 	472.333203762		0.000692968	10
0 0 0 24 3 21 	472.333518796		0.000721197	8
0 0 0 28 2 27 	476.214536318		0.000774727	5
0 0 0 28 2 26 	476.374405323		0.000748419	9
0 0 0 30 1 29 	476.865256709		0.000824700	8
0 0 0 31 0 31 	484.054164623		0.000916625	5
0 0 0 18 4 14 	485.426056688		0.000632558	11
0 0 0 18 4 15 	485.426194901		0.000663409	13
0 0 0 25 3 23 	496.715722185		0.000721197	9
0 0 0 25 3 22 	496.716276995		0.000721248	9
0 0 0 31 1 31 	501.061684398		0.000871855	8
0 0 0 19 4 15 	503.962712968		0.000663411	8
0 0 0 19 4 16 	503.962758518		0.000632549	8
0 0 0 29 2 28 	504.482318531		0.000800082	6
0 0 0 29 2 27 	504.665780204		0.000774727	8
0 0 0 31 1 30 	507.266477604		0.000848647	5
0 0 0 5 5 0 	511.337559778		0.000283019	2
0 0 0 5 5 1 	511.337596431		0.000283019	2
0 0 0 32 0 32 	515.208085469		0.000894500	4
0 0 0 6 5 2 	517.193516892		0.000283024	3
0 0 0 6 5 1 	517.193550967		0.000283029	3
0 0 0 26 3 24 	522.069290967		0.000721248	7
0 0 0 26 3 23 	522.070056479		0.000748417	9
0 0 0 20 4 16 	523.472182023		0.000663413	9
0 0 0 20 4 17 	523.472439777		0.000663438	10
0 0 0 7 5 2 	524.025157362		0.000346558	2
0 0 0 7 5 3 	524.025181477		0.000283029	2
0 0 0 8 5 4 	531.832392331		0.000346579	4
0 0 0 8 5 3 	531.832437987		0.000346562	4
0 0 0 32 1 32 	532.038314985		0.000894540	5
0 0 0 30 2 29 	533.718267596		0.000824743	8
0 0 0 30 2 28 	533.927817292		0.000800082	9
0 0 0 32 1 31 	538.641035457		0.000871855	7
0 0 0 9 5 4 	540.614884965		0.000346579	3
0 0 0 9 5 5 	540.615008284		0.000346590	5
0 0 0 21 4 17 	543.954013507		0.000692904	8
0 0 0 21 4 18 	543.954238331		0.000692906	8
0 0 0 33 0 33 	547.326691575		0.000959271	4
0 0 0 27 3 25 	548.393145300		0.000748417	11
0 0 0 27 3 24 	548.393857575		0.000748466	10
0 0 0 10 5 6 	550.372606629		0.000400135	7
0 0 0 10 5 5 	550.372788388		0.000400135	5
0 0 0 11 5 6 	561.105490042		0.000447335	5
0 0 0 11 5 7 	561.105667366		0.000447335	8
0 0 0 31 2 30 	563.922129176		0.000848605	7
0 0 0 33 1 33 	563.975427353		0.000871855	8
0 0 0 31 2 29 	564.160140254		0.000824743	8
0 0 0 22 4 18 	565.408374042		0.000692907	6
0 0 0 22 4 19 	565.408723754		0.000692957	10
0 0 0 33 1 32 	570.987222596		0.000894540	5
0 0 0 12 5 8 	572.812923057		0.000490009	8
0 0 0 12 5 7 	572.813041184		0.000490009	5
0 0 0 28 3 26 	575.686897413		0.000748466	9
0 0 0 28 3 25 	575.687867600		0.000774681	8
0 0 0 34 0 34 	580.408363378		0.000871861	7
0 0 0 13 5 8 	585.495052860		0.000529253	5
0 0 0 13 5 9 	585.495147716		0.000529253	6
0 0 0 23 4 19 	587.834053891		0.000692957	6
0 0 0 23 4 20 	587.834438274		0.000721195	10
0 0 0 32 2 31 	595.092679678		0.000871895	8
0 0 0 32 2 30 	595.362388436		0.000848605	11
0 0 0 34 1 34 	596.872041342		0.000938191	6
0 0 0 14 5 10 	599.151335478		0.000565781	8
0 0 0 14 5 9 	599.151364621		0.000529267	6
0 0 0 29 3 27 	603.949857418		0.000774681	7
0 0 0 29 3 26 	603.950837671		0.000800126	9
0 0 0 34 1 33 	604.305581912		0.000916586	6
0 0 0 24 4 20 	611.231320824		0.000721266	6
0 0 0 24 4 21 	611.231777483		0.000748458	10
0 0 0 15 5 10 	613.781670149		0.000600090	5
0 0 0 15 5 11 	613.781679281		0.000565787	9
0 0 0 35 0 35 	614.452319754		0.001000101	4
0 0 0 33 2 32 	627.229780426		0.000894500	4
0 0 0 33 2 31 	627.533647396		0.000871895	7
0 0 0 16 5 11 	629.385602744		0.000600094	5
0 0 0 16 5 12 	629.385645992		0.000600095	7
0 0 0 35 1 35 	630.727810594		0.000894506	2
0 0 0 30 3 28 	633.181328527		0.000800126	5
0 0 0 30 3 27 	633.182589620		0.000824700	7
0 0 0 25 4 21 	635.599104930		0.000721252	5
0 0 0 25 4 22 	635.599609826		0.000748415	8
0 0 0 35 1 34 	638.593909975		0.000979899	4
0 0 0 17 5 13 	645.962904075		0.000600108	7
0 0 0 17 5 12 	645.962959881		0.000632544	6
0 0 0 36 0 36 	649.458086669		0.000979870	2
0 0 0 34 2 33 	660.332294925		0.000916625	6
0 0 0 34 2 32 	660.673798261		0.000894500	5
0 0 0 26 4 22 	660.937061904		0.000748415	5
0 0 0 26 4 23 	660.937683735		0.000748464	8
0 0 0 31 3 29 	663.380205177		0.000824700	6
0 0 0 31 3 28 	663.382453521		0.000848647	7
0 0 0 18 5 13 	663.513086573		0.000632547	6
0 0 0 18 5 14 	663.513224743		0.000663411	8
0 0 0 36 1 36 	665.541129754		0.000979899	4
0 0 0 36 1 35 	673.852805138		0.000959242	4
0 0 0 19 5 15 	682.035871018		0.000663423	7
0 0 0 19 5 14 	682.036083256		0.000692901	4
0 0 0 37 0 37 	685.424174530		0.001019937	3
0 0 0 27 4 23 	687.244735389		0.000748464	5
0 0 0 27 4 26 	687.245222669		0.000800078	1
0 0 0 27 4 24 	687.245599009		0.000774679	7
0 0 0 35 2 34 	694.399937809		0.000916592	5
0 0 0 32 3 30 	694.546963245		0.000848647	6
0 0 0 32 3 29 	694.549925975		0.000871855	9
0 0 0 35 2 33 	694.781977527		0.000916625	3
0 0 0 37 1 37 	701.312446669		0.000959242	4
0 0 0 20 5 16 	701.531204001		0.000692903	6
0 0 0 20 5 15 	701.531252977		0.000663414	3
0 0 0 37 1 36 	710.080497032		0.000959308	3
0 0 0 28 4 24 	714.521668140		0.000774679	5
0 0 0 28 4 25 	714.522461464		0.000774727	8
0 0 0 21 5 17 	721.997913926		0.000692905	6
0 0 0 21 5 16 	721.998224520		0.000692928	4
0 0 0 38 0 38 	722.349174282		0.001058369	2
0 0 0 33 3 31 	726.680785517		0.000871855	5
0 0 0 33 3 30 	726.683705444		0.000894540	6
0 0 0 36 2 35 	729.431159975		0.000959271	7
0 0 0 36 2 34 	729.858112130		0.000979870	2
0 0 0 38 1 38 	738.039614530		0.001000136	4
0 0 0 29 4 25 	742.767051623		0.000774727	6
0 0 0 29 4 26 	742.767933487		0.000800082	8
0 0 0 22 5 18 	743.435933495		0.000721241	5
0 0 0 22 5 17 	743.436326245		0.000748413	3
0 0 0 38 1 37 	747.276760417		0.001000073	3
0 0 0 34 3 32 	759.780090921		0.000894540	4
0 0 0 34 3 31 	759.784097949		0.000916586	5
0 0 0 39 0 39 	760.232173618		0.007144247	3
0 0 0 37 2 36 	765.426282921		0.000938161	6
0 0 0 23 5 19 	765.845386060		0.000721193	5
0 0 0 23 5 18 	765.845790618		0.000721241	4
0 0 0 37 2 35 	765.900939533		0.000979900	5
0 0 0 10 6 5 	767.245439700		0.002049417	3
0 0 0 10 6 4 	767.246717366		0.002049417	1
0 0 0 30 4 26 	771.980590291		0.000800082	7
0 0 0 30 4 27 	771.980668099		0.000824743	7
0 0 0 39 1 39 	775.722447349		0.001039300	4
0 0 0 11 6 5 	777.970953057		0.000529253	1
0 0 0 11 6 6 	777.971061007		0.000529253	2
0 0 0 39 1 38 	785.440362031		0.001039361	3
0 0 0 24 5 20 	789.224954831		0.000721241	5
0 0 0 24 5 19 	789.225399050		0.000748413	4
0 0 0 12 6 7 	789.668458534		0.000565781	4
0 0 0 12 6 6 	789.668607716		0.000565781	1
0 0 0 35 3 33 	793.845230786		0.000959250	3
0 0 0 35 3 32 	793.849610319		0.000938191	6
0 0 0 40 0 40 	799.073840310		0.002262776	3
0 0 0 31 4 27 	802.161122029		0.000824743	6
0 0 0 31 4 28 	802.161586048		0.000848605	7
0 0 0 13 6 7 	802.339065478		0.000600090	1
0 0 0 13 6 8 	802.339078449		0.000565794	2
0 0 0 38 2 37 	802.383357031		0.000979934	4
0 0 0 38 2 36 	802.910560418		0.000979870	5
0 0 0 25 5 21 	813.574681364		0.000748482	4
0 0 0 25 5 20 	813.575202377		0.000774719	4
0 0 0 40 1 40 	814.359253617		0.007147046	3
0 0 0 14 6 9 	815.983422497		0.000632541	3
0 0 0 14 6 8 	815.983469281		0.000600096	1
0 0 0 40 1 39 	824.570215414		0.001019881	2
0 0 0 36 3 34 	828.874726423		0.000916627	5
0 0 0 36 3 33 	828.880450781		0.000916594	7
0 0 0 15 6 10 	830.600555935		0.000632544	4
0 0 0 15 6 9 	830.600625992		0.000632545	1
0 0 0 32 4 29 	833.308621979		0.000871895	6
0 0 0 32 4 28 	833.308874690		0.000848605	3
0 0 0 26 5 22 	838.893630159		0.000748468	4
0 0 0 26 5 21 	838.894102669		0.000774677	4
0 0 0 39 2 38 	840.302380416		0.001019875	4
0 0 0 39 2 37 	840.885612031		0.001019937	5
0 0 0 16 6 10 	846.190574075		0.000632558	1
0 0 0 16 6 11 	846.190591748		0.000663409	3
0 0 0 41 1 41 	853.951147243		0.002253920	3
0 0 0 17 6 12 	862.753164060		0.000663412	4
0 0 0 17 6 11 	862.753354743		0.000692902	1
0 0 0 41 1 40 	864.664835396		0.007149845	3
0 0 0 37 3 35 	864.868569121		0.000959250	5
0 0 0 37 3 34 	864.874767352		0.000959281	4
0 0 0 27 5 23 	865.181660961		0.000774677	5
0 0 0 27 5 22 	865.182371074		0.000774725	4
0 0 0 33 4 29 	865.422063302		0.000871895	6
0 0 0 33 4 30 	865.422269387		0.000894500	6
0 0 0 40 2 39 	879.181208478		0.007149844	4
0 0 0 40 2 38 	879.825727349		0.001058369	1
0 0 0 18 6 12 	880.287831018		0.000692914	1
0 0 0 18 6 13 	880.288030599		0.000721188	2
0 0 0 28 5 24 	892.438183015		0.000774725	6
0 0 0 28 5 23 	892.439056248		0.000800080	4
0 0 0 42 1 42 	894.495987169		0.007155437	2
0 0 0 34 4 31 	898.500673243		0.000916625	6
0 0 0 34 4 30 	898.500930681		0.000894500	4
0 0 0 19 6 14 	898.789929415		0.002204567	3
0 0 0 38 3 36 	901.825173995		0.000959273	4
0 0 0 38 3 35 	901.832969096		0.000959242	5
0 0 0 20 6 14 	918.271983926		0.000721191	1
0 0 0 20 6 15 	918.272294520		0.000721214	3
0 0 0 41 2 40 	919.021022063		0.002245029	3
0 0 0 41 2 39 	919.729378755		0.007149844	4
0 0 0 29 5 25 	920.662792249		0.000824700	6
0 0 0 29 5 24 	920.662874469		0.000848647	4
0 0 0 43 0 43 	921.332526216		0.007166609	1
0 0 0 35 4 31 	932.544081933		0.000916625	7
0 0 0 35 4 32 	932.544374176		0.000916593	8
0 0 0 21 6 15 	938.720473495		0.000748458	1
0 0 0 21 6 16 	938.720858674		0.000774676	3
0 0 0 39 3 37 	939.744736785		0.001000073	4
0 0 0 39 3 36 	939.753249531		0.001000136	5
0 0 0 43 1 42 	947.748716216		0.007158232	2
0 0 0 30 5 26 	949.853817537		0.000800126	6
0 0 0 30 5 25 	949.854253275		0.000824700	5
0 0 0 42 2 41 	959.819628122		0.007152642	3
0 0 0 22 6 16 	960.140086060		0.000748411	1
0 0 0 22 6 17 	960.140490618		0.000748458	1
0 0 0 42 2 40 	960.597679356		0.002253921	4
0 0 0 36 4 33 	967.551458847		0.000938200	7
0 0 0 36 4 32 	967.551720786		0.000938169	6
0 0 0 44 1 44 	978.440856216		0.007163818	2
0 0 0 40 3 38 	978.625402031		0.001039361	3
0 0 0 40 3 37 	978.634009950		0.002271598	3
0 0 0 31 5 26 	980.011925064		0.000848647	4
0 0 0 31 5 27 	980.012093335		0.000824700	5
0 0 0 23 6 17 	982.529004831		0.000748458	1
0 0 0 23 6 18 	982.529449050		0.000774676	2
0 0 0 43 2 41 	1002.429036216		0.007155437	5
0 0 0 37 4 33 	1003.522188456		0.000938192	5
0 0 0 37 4 34 	1003.522413949		0.000938161	6
0 0 0 24 6 18 	1005.888041364		0.000774742	1
0 0 0 24 6 19 	1005.888525914		0.000800118	2
0 0 0 32 5 28 	1011.135425770		0.000848647	5
0 0 0 32 5 27 	1011.135733375		0.000871855	4
0 0 0 41 3 39 	1018.466289356		0.002280386	1
0 0 0 41 3 38 	1018.477667253		0.007152641	3
0 0 0 25 6 19 	1030.215880159		0.000774729	1
0 0 0 25 6 20 	1030.216305512		0.000800078	3
0 0 0 45 1 44 	1034.683796216		0.007169399	1
0 0 0 38 4 35 	1040.455421053		0.000979900	4
0 0 0 38 4 34 	1040.455573152		0.000979870	3
0 0 0 33 5 28 	1043.224453273		0.000894540	4
0 0 0 33 5 29 	1043.224690249		0.000916586	6
0 0 0 44 2 43 	1044.290496216		0.007161025	3
0 0 0 12 7 6 	1044.723806629		0.003377885	2
0 0 0 26 6 20 	1055.512250961		0.000800078	1
0 0 0 26 6 21 	1055.512948023		0.000800124	2
0 0 0 42 3 40 	1059.267768755		0.007152641	2
0 0 0 42 3 39 	1059.280999950		0.002253920	5
0 0 0 14 7 8 	1071.014623057		0.003389706	1
0 0 0 34 5 30 	1076.278274045		0.000916632	6
0 0 0 34 5 29 	1076.278566277		0.000916586	4
0 0 0 39 4 35 	1078.350153995		0.000979900	2
0 0 0 39 4 36 	1078.350299096		0.000979870	3
0 0 0 27 6 21 	1081.776883015		0.000800124	1
0 0 0 27 6 22 	1081.777756248		0.000824699	1
0 0 0 15 7 9 	1085.613394029		0.003395601	1
0 0 0 45 2 43 	1088.977416216		0.007166609	3
0 0 0 43 3 41 	1101.028229356		0.002262777	3
0 0 0 43 3 40 	1101.043711800		0.007155437	5
0 0 0 16 7 10 	1101.188635478		0.004280200	1
0 0 0 28 6 22 	1109.009392249		0.000848605	1
0 0 0 28 6 23 	1109.009474469		0.000871895	1
0 0 0 35 5 30 	1110.295821715		0.000938191	4
0 0 0 35 5 31 	1110.296083663		0.000938159	6
0 0 0 40 4 36 	1117.206086785		0.001019875	1
0 0 0 40 4 37 	1117.206179531		0.001019937	2
0 0 0 17 7 11 	1117.732679281		0.002195476	1
0 0 0 29 6 23 	1137.208137537		0.000824743	1
0 0 0 29 6 24 	1137.208573275		0.000848605	1
0 0 0 44 3 42 	1143.747136216		0.007158232	2
0 0 0 36 5 32 	1145.276528651		0.000959273	2
0 0 0 36 5 31 	1145.276772367		0.000959242	2
0 0 0 41 4 38 	1157.020339950		0.002262776	3
0 0 0 41 4 37 	1157.021852031		0.001058429	2
0 0 0 30 6 25 	1166.373515064		0.000871895	1
0 0 0 30 6 24 	1166.373683335		0.000848605	1
0 0 0 37 5 32 	1181.219714755		0.000959273	3
0 0 0 37 5 33 	1181.219903550		0.000959242	3
0 0 0 45 3 42 	1187.443196216		0.007163818	3
0 0 0 31 6 25 	1196.503975770		0.000871895	1
0 0 0 31 6 26 	1196.504283375		0.000894500	1
0 0 0 42 4 39 	1197.795714527		0.007155436	3
0 0 0 42 4 38 	1197.795939356		0.002271598	3
0 0 0 22 7 16 	1215.019404001		0.004298850	1
0 0 0 38 5 34 	1218.125483995		0.002227152	3
0 0 0 38 5 33 	1218.125629096		0.002227138	2
0 0 0 32 6 27 	1227.600023273		0.000916625	1
0 0 0 32 6 26 	1227.600260249		0.000938153	1
0 0 0 46 3 44 	1232.055936216		0.007169399	2
0 0 0 43 4 40 	1239.528879950		0.002262776	2
0 0 0 43 4 39 	1239.529158755		0.007155436	2
0 1 0 5 0 5 	1252.752075959		0.002000026	1
0 1 0 6 0 6 	1258.597989415		0.007348476	1
0 0 0 33 6 27 	1259.660384045		0.000938197	1
0 0 0 33 6 28 	1259.660676277		0.000938153	1
0 1 0 3 1 3 	1264.660743187		0.002000026	1
0 1 0 4 1 3 	1268.677061737		0.002000025	1
0 1 0 5 1 4 	1273.586271749		0.002000026	1
0 1 0 6 1 6 	1279.179462492		0.002010002	1
0 1 0 6 1 5 	1279.478084482		0.002010001	1
0 1 0 9 0 9 	1281.994949507		0.003925571	1
0 0 0 44 4 40 	1282.219809356		0.002271598	3
0 0 0 44 4 41 	1282.219891800		0.007158232	3
0 1 0 7 1 7 	1285.961642477		0.002019928	1
0 1 0 10 0 10 	1291.744358481		0.002019930	1
0 0 0 34 6 29 	1292.684291715		0.000959271	1
0 0 0 34 6 28 	1292.684553663		0.000959241	1
0 1 0 8 1 7 	1294.202056502		0.002010002	1
0 0 0 40 5 35 	1294.815069950		0.002271598	1
0 0 0 40 5 36 	1294.816582031		0.001077159	1
0 1 0 11 0 11 	1302.465710257		0.002068842	1
0 1 0 9 1 8 	1303.038916977		0.002019928	2
0 1 0 10 1 10 	1312.092243647		0.002059152	1
0 1 0 10 1 9 	1312.854712945		0.002029805	1
0 1 0 12 0 12 	1314.156019484		0.002870559	1
0 0 0 45 4 41 	1325.867616216		0.007161025	1
0 1 0 13 0 13 	1326.824941620		0.002068843	1
0 0 0 41 5 36 	1334.600404527		0.007158231	1
0 0 0 41 5 37 	1334.600629356		0.002280386	1
0 1 0 12 1 11 	1335.430880895		0.002068842	1
0 1 0 5 2 3 	1335.603609140		0.002000026	1
0 1 0 6 2 4 	1341.454599027		0.002010001	1
0 1 0 8 2 6 	1356.072392988		0.002010002	1
0 1 0 14 1 14 	1360.474330179		0.002059153	2
0 0 0 36 6 31 	1361.620534755		0.000979900	1
0 0 0 36 6 30 	1361.620723550		0.000979870	1
0 0 0 14 8 7 	1363.683258534		0.004280200	1
0 1 0 9 2 7 	1364.843251478		0.002019928	2
0 0 0 46 4 43 	1370.469876216		0.007166609	1
0 1 0 16 0 16 	1370.659816330		0.002078489	1
0 1 0 10 2 8 	1374.591993166		0.002029805	1
0 1 0 15 1 15 	1374.985779123		0.002068843	2
0 0 0 42 5 37 	1375.344329950		0.002271598	1
0 0 0 42 5 38 	1375.344608755		0.007158231	1
0 1 0 15 1 14 	1376.644908466		0.002078489	1
0 1 0 11 2 9 	1385.312888248		0.002039634	1
0 1 0 17 0 17 	1387.221839318		0.002078490	1
0 1 0 16 1 16 	1390.464433674		0.002068844	2
0 1 0 16 1 15 	1392.339582653		0.002097644	1
0 1 0 12 2 10 	1397.003971103		0.002049417	1
0 0 0 37 6 31 	1397.532153995		0.002236114	1
0 0 0 37 6 32 	1397.532299096		0.002236100	1
0 1 0 18 0 18 	1404.749547632		0.002088090	1
0 1 0 17 1 17 	1406.904719480		0.002078488	2
0 1 0 13 2 11 	1409.672072241		0.002059152	1
0 0 0 17 8 10 	1410.341955935		0.004289535	1
0 0 0 47 4 43 	1416.028026216		0.007172188	1
0 0 0 43 5 39 	1417.044689356		0.002280386	2
0 0 0 43 5 38 	1417.044771800		0.007161025	2
0 1 0 14 2 12 	1423.309643555		0.002068842	1
0 1 0 18 1 18 	1424.313145306		0.002078489	1
0 1 0 3 3 0 	1430.144213542		0.002010000	1
0 1 0 4 3 1 	1434.041095146		0.002010001	1
0 1 0 19 1 19 	1442.681501633		0.002088089	1
0 1 0 6 3 3 	1444.758373333		0.002010001	2
0 1 0 7 3 4 	1451.579147131		0.002010001	1
0 0 0 44 5 39 	1459.702839356		0.002280386	1
0 0 0 44 5 40 	1459.702921800		0.007161025	1
0 1 0 20 1 20 	1462.015919196		0.002088090	2
0 1 0 9 3 6 	1468.136299805		0.002019928	1
0 1 0 21 1 21 	1482.315869529		0.002088107	2
0 0 0 42 6 36 	1591.480139356		0.002289139	1
0 0 0 42 6 37 	1591.480221800		0.007163818	1
0 1 0 29 1 28 	1685.310937151		0.000922025	1
0 1 0 27 2 26 	1688.954136675		0.000877611	1
0 1 0 30 1 30 	1708.277544248		0.000922025	1
0 1 0 30 1 29 	1714.666334826		0.000943505	1
0 1 0 28 2 27 	1716.168329663		0.000900073	1
0 1 0 24 3 21 	1716.319324565		0.000877604	1
0 1 0 28 2 26 	1716.353548793		0.000877611	1
0 1 0 17 4 13 	1717.373182976		0.000781096	1
0 1 0 31 0 31 	1720.690631910		0.001024759	1
0 1 0 25 3 22 	1740.626718796		0.000877568	1
0 1 0 29 2 27 	1744.562205323		0.000900073	1
0 1 0 31 1 30 	1744.993056709		0.000964433	1
0 1 0 32 0 32 	1751.745950013		0.001044127	2
0 1 0 19 4 15 	1753.360456688		0.000806306	1
0 1 0 32 1 32 	1769.044092989		0.001005053	2
0 1 0 33 0 33 	1783.765163378		0.001326703	1
0 1 0 21 4 17 	1793.226982023		0.000830733	1
0 1 0 33 1 33 	1800.862841342		0.001371204	1
0 1 0 31 2 30 	1803.606667596		0.000964470	1
0 1 0 33 1 32 	1808.560635457		0.001005053	1
0 1 0 22 4 18 	1814.613313507		0.000854468	1
0 1 0 32 2 31 	1834.682129176		0.000984952	1
0 1 0 32 2 30 	1834.994440254		0.000964470	1
0 1 0 34 1 33 	1841.798422596		0.001024793	1
0 1 0 29 3 26 	1847.530967600		0.000922025	1
0 1 0 35 0 35 	1850.669963378		0.001005058	1
0 1 0 33 2 31 	1867.069788436		0.000984952	1
0 1 0 35 1 35 	1867.364741342		0.001063109	1
0 1 0 36 0 36 	1885.564519754		0.001118124	1
0 1 0 37 0 37 	1921.412586669		0.001100066	1
0 1 0 38 3 35 	2144.493649531		0.001414309	1
0 1 0 39 3 36 	2182.295809950		0.002481966	1
1 0 0 4 0 4 	3619.249873959		0.003000017	1
1 0 0 5 0 5 	3624.134875959		0.003000017	1
1 0 0 4 1 4 	3638.358889415		0.007681152	1
1 0 0 6 1 6 	3649.028972245		0.001513310	3
1 0 0 6 1 5 	3649.300052523		0.003006676	1
1 0 0 7 1 7 	3655.817528746		0.003006677	2
1 0 0 7 1 6 	3656.180663538		0.003006677	1
1 0 0 8 1 8 	3663.575316702		0.001539516	2
1 0 0 8 1 7 	3664.043619652		0.003019952	2
1 0 0 9 1 9 	3672.303094723		0.003026567	3
1 0 0 9 1 8 	3672.888177310		0.003026567	1
1 0 0 10 1 10 	3681.999371103		0.001565282	1
1 0 0 10 1 9 	3682.712381904		0.003033168	1
1 0 0 2 2 1 	3689.065688132		0.003000017	1
1 0 0 11 1 11 	3692.663060053		0.003026567	1
1 0 0 12 1 12 	3704.306226031		0.001590631	3
1 0 0 12 1 11 	3705.310080895		0.003046327	1
1 0 0 6 2 4 	3706.634508879		0.003006676	2
1 0 0 7 2 6 	3713.464725071		0.001513309	2
1 0 0 7 2 5 	3713.466803588		0.001513309	3
1 0 0 13 1 13 	3716.897187372		0.001590632	3
1 0 0 13 1 12 	3718.079518406		0.001590633	1
1 0 0 8 2 6 	3721.276026508		0.001513310	4
1 0 0 15 0 15 	3726.606237326		0.001603157	1
1 0 0 9 2 7 	3730.058732761		0.001526469	4
1 0 0 9 2 8 	3730.059177310		0.003026567	1
1 0 0 14 1 14 	3730.469038317		0.003039755	1
1 0 0 14 1 13 	3731.830853238		0.001590634	2
1 0 0 10 2 9 	3739.815597214		0.001539516	2
1 0 0 10 2 8 	3739.819733266		0.003019952	2
1 0 0 15 1 15 	3745.004313306		0.003039756	1
1 0 0 15 1 14 	3746.562835885		0.001615584	1
1 0 0 11 2 9 	3750.554045313		0.001565282	4
1 0 0 12 2 10 	3762.263343802		0.001565282	3
1 0 0 16 1 15 	3762.265190692		0.001615585	1
1 0 0 13 2 12 	3774.943077388		0.003046328	1
1 0 0 13 2 11 	3774.949589109		0.001578008	2
1 0 0 18 0 18 	3776.344445306		0.001603158	1
1 0 0 17 1 17 	3776.982408847		0.001590634	4
1 0 0 17 1 16 	3778.966186468		0.001627918	1
1 0 0 14 2 13 	3788.571180895		0.001590631	1
1 0 0 14 2 12 	3788.609295858		0.001590633	3
1 0 0 19 0 19 	3794.867601633		0.003059431	1
1 0 0 18 1 17 	3796.640590692		0.003059431	1
1 0 0 6 3 3 	3802.257379947		0.003013320	1
1 0 0 15 2 14 	3803.232977388		0.001590633	1
1 0 0 15 2 13 	3803.245779886		0.001590632	3
1 0 0 7 3 4 	3809.084589030		0.003013323	1
1 0 0 19 1 19 	3812.826223720		0.001627919	1
1 0 0 8 3 5 	3816.888295471		0.001513310	3
1 0 0 8 3 6 	3816.889800258		0.003006680	1
1 0 0 16 2 14 	3818.853866293		0.001590633	3
1 0 0 9 3 6 	3825.671226047		0.001526472	3
1 0 0 20 1 20 	3832.195754175		0.001627940	1
1 0 0 20 1 19 	3834.915846739		0.001640159	1
1 0 0 17 2 16 	3835.415910086		0.003065961	1
1 0 0 10 3 7 	3835.425242475		0.001539516	2
1 0 0 17 2 15 	3835.436982653		0.001627916	1
1 0 0 11 3 8 	3846.154163897		0.001578008	2
1 0 0 21 1 21 	3852.531716682		0.003072478	1
1 0 0 18 2 17 	3852.963782653		0.001627916	1
1 0 0 12 3 9 	3857.861401062		0.001590631	1
1 0 0 13 3 10 	3870.536924497		0.001603156	1
1 0 0 22 1 22 	3873.833803957		0.003059443	3
1 0 0 22 1 21 	3877.108159952		0.001652309	1
1 0 0 14 3 11 	3884.188726058		0.001578009	3
1 0 0 20 2 19 	3890.983576431		0.001640157	2
1 0 0 23 1 23 	3896.096872269		0.001627920	2
1 0 0 15 3 12 	3898.817232076		0.003052885	2
1 0 0 23 1 22 	3899.668253786		0.001652331	2
1 0 0 24 0 24 	3902.041092313		0.001652310	2
1 0 0 21 2 20 	3911.451064684		0.001640158	2
1 0 0 21 2 19 	3911.510790710		0.001640180	1
1 0 0 16 3 13 	3914.417359338		0.001603157	2
1 0 0 24 1 24 	3919.328019038		0.001652331	6
1 0 0 25 0 25 	3926.385853751		0.001652332	2
1 0 0 17 3 14 	3930.989283852		0.001640156	2
1 0 0 22 2 21 	3932.890248966		0.003072489	1
1 0 0 22 2 20 	3932.961364265		0.001652308	2
1 0 0 6 4 2 	3935.776300258		0.003006680	1
1 0 0 25 1 25 	3943.521452545		0.001664370	4
1 0 0 18 3 15 	3948.535718878		0.001627918	2
1 0 0 8 4 4 	3950.407508284		0.003019954	1
1 0 0 26 0 26 	3951.694526831		0.003078982	2
1 0 0 23 2 22 	3955.302066561		0.003078981	1
1 0 0 23 2 21 	3955.383756765		0.001664388	2
1 0 0 19 3 17 	3967.050623720		0.003065961	1
1 0 0 19 3 16 	3967.051825369		0.003065973	3
1 0 0 26 1 26 	3968.676323026		0.001640183	2
1 0 0 10 4 6 	3968.934037825		0.001539521	2
1 0 0 24 2 23 	3978.679524565		0.003085480	1
1 0 0 24 2 22 	3978.779991493		0.001652339	1
1 0 0 11 4 8 	3979.654448140		0.003039755	1
1 0 0 11 4 7 	3979.656491929		0.001552452	3
1 0 0 12 4 9 	3991.351101062		0.003046327	1
1 0 0 12 4 8 	3991.355007541		0.001565282	2
1 0 0 27 1 27 	3994.792606926		0.001652311	2
1 0 0 25 2 24 	4003.032056479		0.003091946	1
1 0 0 25 2 23 	4003.143613145		0.001664391	1
1 0 0 13 4 9 	4004.025051845		0.001603156	3
1 0 0 21 3 19 	4007.004115658		0.003072489	1
1 0 0 21 3 18 	4007.005654642		0.001652328	3
1 0 0 14 4 10 	4017.669679281		0.001603158	1
1 0 0 28 1 28 	4021.875640976		0.003098419	2
1 0 0 26 2 25 	4028.349090694		0.003091958	1
1 0 0 22 3 20 	4028.435955452		0.001652328	1
1 0 0 22 3 19 	4028.439310873		0.001652307	4
1 0 0 26 2 24 	4028.480088081		0.001676344	1
1 0 0 15 4 11 	4032.287771251		0.001615585	2
1 0 0 29 0 29 	4033.425231910		0.003130516	1
1 0 0 16 4 12 	4047.880004075		0.001615590	1
1 0 0 29 1 29 	4049.914039581		0.001700038	3
1 0 0 23 3 21 	4050.841078995		0.001652309	2
1 0 0 23 3 20 	4050.844323754		0.001652328	1
1 0 0 27 2 26 	4054.632701761		0.001676344	2
1 0 0 27 2 25 	4054.786290694		0.001676366	1
1 0 0 29 1 28 	4055.528167596		0.001711783	1
1 0 0 17 4 13 	4064.441787444		0.001615585	3
1 0 0 24 3 22 	4074.214122686		0.001652331	1
1 0 0 24 3 21 	4074.216190679		0.001664368	2
1 0 0 30 1 30 	4078.915578277		0.001734993	2
1 0 0 28 2 27 	4081.890547623		0.003091958	2
1 0 0 18 4 14 	4081.977668486		0.001627918	2
1 0 0 28 2 26 	4082.069051685		0.003085471	2
1 0 0 30 1 29 	4084.915029176		0.001723407	1
1 0 0 25 3 22 	4098.562677483		0.003091956	1
1 0 0 19 4 15 	4100.487634064		0.001640157	3
1 0 0 31 1 31 	4108.876531910		0.001746462	1
1 0 0 29 2 28 	4110.112289620		0.003111291	1
1 0 0 29 2 27 	4110.316697413		0.003091958	1
1 0 0 31 1 30 	4115.272879678		0.001734993	1
1 0 0 20 4 16 	4119.963013852		0.001627918	4
1 0 0 26 3 23 	4123.877999009		0.003098407	1
1 0 0 9 5 4 	4130.271414365		0.003013323	2
1 0 0 32 1 32 	4139.796293221		0.001734993	2
1 0 0 10 5 5 	4140.015471122		0.003019952	2
1 0 0 21 4 17 	4140.412774998		0.001640157	4
1 0 0 27 3 25 	4150.156537918		0.001664370	1
1 0 0 27 3 24 	4150.157363717		0.001664392	4
1 0 0 11 5 6 	4150.730689267		0.001552452	4
1 0 0 33 0 33 	4155.902485469		0.003130516	1
1 0 0 22 4 18 	4161.837131633		0.001664368	2
1 0 0 12 5 7 	4162.419739756		0.003046327	2
1 0 0 31 2 30 	4169.453043649		0.001734973	3
1 0 0 31 2 29 	4169.719588436		0.003117712	1
1 0 0 13 5 8 	4175.084204565		0.001578008	3
1 0 0 28 3 25 	4177.408956722		0.003098407	3
1 0 0 23 4 20 	4184.227223754		0.003078992	1
1 0 0 23 4 19 	4184.228744163		0.003085480	2
1 0 0 14 5 10 	4188.717979281		0.003052886	1
1 0 0 14 5 9 	4188.719528499		0.001590631	2
1 0 0 15 5 10 	4203.324324497		0.001603156	1
1 0 0 34 1 34 	4204.509627353		0.003124121	1
1 0 0 29 3 26 	4205.628268099		0.003111302	1
1 0 0 24 4 21 	4207.585824050		0.003085470	2
1 0 0 34 1 33 	4212.176437809		0.001757880	1
1 0 0 16 5 11 	4218.906075362		0.001603157	3
1 0 0 25 4 21 	4231.914703762		0.003078994	1
1 0 0 25 4 22 	4231.915277483		0.003091956	1
1 0 0 30 3 27 	4234.812332034		0.001700038	2
1 0 0 17 5 12 	4235.457146724		0.001615584	3
1 0 0 35 1 35 	4238.303441342		0.003143279	1
1 0 0 35 1 34 	4246.411959975		0.001780506	1
1 0 0 18 5 13 	4252.979003563		0.001615585	3
1 0 0 26 4 22 	4257.214041573		0.001664369	2
1 0 0 31 3 28 	4264.965773977		0.003124121	2
1 0 0 19 5 14 	4271.473182796		0.001640156	3
1 0 0 36 1 35 	4281.622182921		0.001769222	1
1 0 0 27 4 23 	4283.481644605		0.001688253	2
1 0 0 20 5 15 	4290.941332822		0.001688231	2
1 0 0 32 3 29 	4296.085869387		0.001746462	1
1 0 0 35 2 34 	4299.719381912		0.001757877	1
1 0 0 35 2 33 	4300.146298261		0.003130516	1
1 0 0 28 4 24 	4310.717492249		0.001711762	1
1 0 0 21 5 16 	4311.375794520		0.003085474	1
1 0 0 33 3 30 	4328.168540154		0.001757897	3
1 0 0 33 2 32 	4332.657694925		0.003136910	1
1 0 0 22 5 17 	4332.782649050		0.001688231	1
1 0 0 29 4 25 	4338.916515868		0.001676366	3
1 0 0 23 5 18 	4355.154674834		0.001652328	2
1 0 0 11 6 5 	4358.976806629		0.003026567	2
1 0 0 34 3 32 	4361.210430786		0.003149629	1
1 0 0 34 3 31 	4361.219274176		0.003136900	1
1 0 0 30 4 26 	4368.084299474		0.001688233	3
1 0 0 37 2 36 	4370.632505138		0.001780490	1
1 0 0 12 6 6 	4370.655767366		0.001565282	1
1 0 0 24 5 19 	4378.495271722		0.001664368	2
1 0 0 13 6 7 	4383.309023057		0.001578008	2
1 0 0 35 3 32 	4395.230658847		0.001769243	1
1 0 0 14 6 8 	4396.930094029		0.001590631	3
1 0 0 25 5 20 	4402.807111591		0.001676362	2
1 0 0 38 2 37 	4407.522614530		0.001802851	1
1 0 0 15 6 9 	4411.525935478		0.003052885	2
1 0 0 16 6 10 	4427.092579281		0.001603158	2
1 0 0 26 5 21 	4428.087928963		0.001676343	2
1 0 0 32 4 28 	4429.317790249		0.003136898	1
1 0 0 36 3 33 	4430.204713949		0.001769222	1
1 0 0 17 6 11 	4443.627524743		0.003072477	1
1 0 0 39 2 38 	4445.383247349		0.001824869	1
1 0 0 41 0 41 	4446.936440310		0.003757680	1
1 0 0 27 5 22 	4454.334983735		0.001676365	1
1 0 0 33 4 30 	4461.373873243		0.003136910	1
1 0 0 33 4 29 	4461.379274045		0.003136912	1
1 0 0 37 3 34 	4466.143221053		0.001791704	1
1 0 0 28 5 23 	4481.549799009		0.001688232	1
1 0 0 34 4 30 	4494.407336956		0.003136898	2
1 0 0 20 6 14 	4499.062671018		0.003072479	1
1 0 0 38 3 35 	4503.040299096		0.001791688	1
1 0 0 21 6 15 	4519.479704001		0.003078979	2
1 0 0 41 2 40 	4523.978208478		0.007753726	1
1 0 0 39 3 36 	4540.900679531		0.003168639	1
1 0 0 13 7 6 	4628.221558534		0.003052885	2
1 0 0 15 7 8 	4656.410822497		0.003065960	1
1 0 0 16 7 9 	4671.959155935		0.003065960	2
1 0 0 17 7 10 	4688.482191748		0.003072477	1
1 0 0 18 7 11 	4705.974664060		0.003072477	1
1 0 0 20 7 13 	4743.859129415		0.003722918	1
1 0 0 21 7 14 	4764.260494520		0.003085474	1
1 0 0 22 7 15 	4785.622658674		0.003098406	1
1 0 0 13 8 5 	4909.286506629		0.004517755	1
3 1 0 0 0 0 	11477.433116167		0.005000000	1
3 1 0 1 0 1 	11478.411000000		0.005000000	1
3 1 0 2 0 2 	11480.372116167		0.005000000	1
3 1 0 3 0 3 	11483.278051489		0.005000010	2
3 1 0 4 0 4 	11487.154731687		0.005000010	2
3 1 0 5 0 5 	11492.015219187		0.005000010	2
3 1 0 1 1 1 	11496.644665288		0.005000010	1
3 1 0 1 1 0 	11496.665206388		0.005000010	1
3 1 0 6 0 6 	11497.842438915		0.008660260	2
3 1 0 3 1 3 	11501.469665288		0.005000010	1
3 1 0 3 1 2 	11501.555238622		0.005000010	3
3 1 0 7 0 7 	11504.634255961		0.006034079	2
3 1 0 4 1 4 	11505.319357344		0.005000010	2
3 1 0 4 1 3 	11505.473563135		0.005000010	3
3 1 0 5 1 5 	11510.132598502		0.005004009	1
3 1 0 5 1 4 	11510.363194625		0.005000010	2
3 1 0 8 0 8 	11512.399273447		0.005008005	2
3 1 0 6 1 6 	11515.914917501		0.005004009	1
3 1 0 6 1 5 	11516.237784482		0.005004009	1
3 1 0 9 0 9 	11521.137447784		0.005027933	2
3 1 0 7 1 7 	11522.657620490		0.006612033	2
3 1 0 7 1 6 	11523.088993498		0.005004009	1
3 1 0 8 1 8 	11530.353562492		0.005004009	1
3 1 0 10 0 10 	11530.837919484		0.005407412	1
3 1 0 8 1 7 	11530.918056502		0.005004009	1
3 1 0 9 1 9 	11539.016160053		0.005015985	1
3 1 0 9 1 8 	11539.710766977		0.005008004	2
3 1 0 11 0 11 	11541.512925938		0.005027933	2
3 1 0 10 1 10 	11548.652743647		0.005023953	1
3 1 0 10 1 9 	11549.489973617		0.007567940	2
3 1 0 12 0 12 	11553.156931331		0.005023954	1
3 1 0 3 2 1 	11556.146637691		0.005000010	2
3 1 0 3 2 2 	11556.151460203		0.005000010	1
3 1 0 11 1 11 	11559.255151690		0.005015985	2
3 1 0 4 2 3 	11560.036758785		0.005000010	1
3 1 0 4 2 2 	11560.036788132		0.005000010	1
3 1 0 11 1 10 	11560.257677310		0.005015985	1
3 1 0 5 2 4 	11564.894043675		0.007474007	2
3 1 0 5 2 3 	11564.894212077		0.007188007	2
3 1 0 13 0 13 	11565.773177463		0.005023954	2
3 1 0 6 2 5 	11570.715032045		0.005004009	2
3 1 0 6 2 4 	11570.716399027		0.005004009	1
3 1 0 12 1 12 	11570.802790982		0.005023953	2
3 1 0 12 1 11 	11571.990757592		0.005019971	2
3 1 0 7 2 6 	11577.501856558		0.005004009	2
3 1 0 7 2 5 	11577.502414862		0.005004009	2
3 1 0 14 0 14 	11579.359585131		0.005023954	2
3 1 0 13 1 13 	11583.314320919		0.005027933	1
3 1 0 13 1 12 	11584.697977388		0.005027933	1
3 1 0 15 0 15 	11593.896177672		0.007887236	2
3 1 0 9 2 8 	11593.999073450		0.005008004	2
3 1 0 9 2 7 	11594.001101478		0.005008004	2
3 1 0 14 1 14 	11596.787222041		0.005027933	1
3 1 0 14 1 13 	11598.388848018		0.006235501	2
3 1 0 10 2 9 	11603.703354132		0.005011996	2
3 1 0 10 2 8 	11603.706132135		0.005011996	2
3 1 0 16 0 16 	11609.415505887		0.005027933	2
3 1 0 15 1 15 	11611.228779123		0.008300890	2
3 1 0 15 1 14 	11613.052492927		0.008260971	2
3 1 0 11 2 10 	11614.379797324		0.005015985	1
3 1 0 11 2 9 	11614.382988248		0.005015985	1
3 1 0 17 0 17 	11625.900363535		0.005027934	2
3 1 0 12 2 11 	11626.017216860		0.009650373	2
3 1 0 12 2 10 	11626.023207329		0.007468409	2
3 1 0 16 1 16 	11626.626133674		0.005027933	2
3 1 0 16 1 15 	11628.691198897		0.005031909	2
3 1 0 13 2 12 	11638.634948062		0.005023953	1
3 1 0 13 2 11 	11638.645223489		0.005023953	2
3 1 0 17 1 17 	11642.978201633		0.005035883	1
3 1 0 18 0 18 	11643.350592196		0.005031910	2
3 1 0 17 1 16 	11645.311008466		0.005031910	1
3 1 0 4 3 1 	11650.891995146		0.010002005	1
3 1 0 14 2 13 	11652.214451817		0.005023954	1
3 1 0 14 2 12 	11652.222443555		0.005027933	1
3 1 0 5 3 2 	11655.767513542		0.005004008	1
3 1 0 5 3 3 	11655.767648999		0.005000010	2
3 1 0 18 1 18 	11660.297427470		0.005035883	1
3 1 0 19 0 19 	11661.747350478		0.005031910	2
3 1 0 18 1 17 	11662.903182653		0.005039852	1
3 1 0 15 2 14 	11666.743435885		0.005035882	1
3 1 0 15 2 13 	11666.778474737		0.005027933	1
3 1 0 7 3 4 	11668.376623468		0.005004009	2
3 1 0 7 3 5 	11668.376838687		0.005008004	2
3 1 0 8 3 6 	11676.137662707		0.006366152	2
3 1 0 8 3 5 	11676.143251520		0.005004010	1
3 1 0 19 1 19 	11678.572276312		0.005035890	1
3 1 0 20 0 20 	11681.139126474		0.014202683	2
3 1 0 19 1 18 	11681.447689215		0.005043820	1
3 1 0 16 2 15 	11682.262090692		0.005035883	1
3 1 0 16 2 14 	11682.284907611		0.005035883	1
3 1 0 9 3 7 	11684.866968378		0.005008004	1
3 1 0 9 3 6 	11684.870599805		0.005008004	1
3 1 0 10 3 7 	11694.564107966		0.005019971	1
3 1 0 10 3 8 	11694.564373367		0.005019971	1
3 1 0 20 1 20 	11697.808310923		0.005039853	1
3 1 0 17 2 16 	11698.748386468		0.005039853	1
3 1 0 17 2 15 	11698.772044252		0.005031910	2
3 1 0 20 1 19 	11700.985690710		0.005043827	1
3 1 0 21 0 21 	11701.480522932		0.005039854	1
3 1 0 11 3 9 	11705.237249111		0.005015985	1
3 1 0 11 3 8 	11705.237526925		0.005015985	1
3 1 0 18 2 17 	11716.201596723		0.005039853	1
3 1 0 18 2 16 	11716.236672642		0.005039853	1
3 1 0 12 3 9 	11716.864107966		0.005019971	1
3 1 0 12 3 10 	11716.864373367		0.005019971	1
3 1 0 21 1 21 	11718.000962747		0.005039860	1
3 1 0 21 1 20 	11721.503732458		0.005047784	1
3 1 0 22 0 22 	11722.806162527		0.005035890	2
3 1 0 13 3 11 	11729.482046100		0.005023953	1
3 1 0 13 3 10 	11729.482134227		0.005023953	1
3 1 0 19 2 18 	11734.610561789		0.005039860	1
3 1 0 22 1 22 	11739.159598871		0.008475637	2
3 1 0 22 1 21 	11742.988170015		0.005051751	1
3 1 0 14 3 12 	11743.056874818		0.005023954	1
3 1 0 14 3 11 	11743.056894917		0.005027933	1
3 1 0 23 0 23 	11745.071522932		0.005039854	1
3 1 0 20 2 18 	11754.074672642		0.005039853	1
3 1 0 15 3 12 	11757.600229221		0.005027933	1
3 1 0 15 3 13 	11757.600272289		0.005027933	1
3 1 0 23 1 23 	11761.275766181		0.006928939	2
3 1 0 23 1 22 	11765.454768532		0.008779386	2
3 1 0 24 0 24 	11768.307119738		0.005039861	1
3 1 0 16 3 14 	11773.104774918		0.005569811	2
3 1 0 16 3 13 	11773.104846486		0.005031909	2
3 1 0 21 2 19 	11774.442423720		0.005039853	1
3 1 0 24 1 24 	11784.346886818		0.005043820	1
3 1 0 24 1 23 	11788.884041580		0.011023620	2
3 1 0 17 3 14 	11789.579947581		0.006032591	2
3 1 0 17 3 15 	11789.580464404		0.006573449	2
3 1 0 25 0 25 	11792.502324145		0.006429320	2
3 1 0 22 2 21 	11795.671846739		0.005043820	1
3 1 0 18 3 16 	11807.025807394		0.005035883	2
3 1 0 18 3 15 	11807.025990867		0.005039852	2
3 1 0 25 1 25 	11808.366569615		0.005043828	1
3 1 0 9 4 5 	11811.704559234		0.005008006	1
3 1 0 25 1 24 	11813.290804607		0.005051745	1
3 1 0 26 0 26 	11817.651568910		0.008203873	2
3 1 0 23 2 22 	11817.934431014		0.005043827	2
3 1 0 23 2 21 	11818.055469829		0.005047784	1
3 1 0 19 3 17 	11825.435777031		0.005039853	2
3 1 0 19 3 16 	11825.435826608		0.005035883	2
3 1 0 26 1 25 	11838.661201919		0.005051752	2
3 1 0 27 0 27 	11843.773140465		0.005047785	1
3 1 0 20 3 18 	11844.805422441		0.005043820	1
3 1 0 20 3 17 	11844.805748966		0.005043827	1
3 1 0 13 4 9 	11856.276853639		0.005027933	1
3 1 0 27 1 26 	11864.996412616		0.010027967	2
3 1 0 21 3 18 	11865.159920551		0.007947737	2
3 1 0 21 3 19 	11865.161689061		0.005944137	2
3 1 0 25 2 23 	11865.559803874		0.008450456	2
3 1 0 14 4 11 	11869.844906090		0.005031909	1
3 1 0 14 4 10 	11869.844921198		0.005031910	1
3 1 0 28 0 28 	11870.834001747		0.005075451	1
3 1 0 15 4 11 	11884.395382976		0.005035882	1
3 1 0 15 4 12 	11884.395439655		0.005035882	1
3 1 0 28 1 28 	11886.165651160		0.005765287	2
3 1 0 22 3 20 	11886.468156967		0.009139111	2
3 1 0 22 3 19 	11886.468486766		0.009130138	2
3 1 0 26 2 25 	11890.567729663		0.005055703	1
3 1 0 26 2 24 	11890.767922686		0.005047791	1
3 1 0 28 1 27 	11892.322490694		0.005055710	1
3 1 0 29 0 29 	11898.870831910		0.005079383	1
3 1 0 16 4 13 	11899.888912587		0.005035883	1
3 1 0 16 4 12 	11899.888968377		0.005039853	1
3 1 0 23 3 21 	11908.731203762		0.005047792	1
3 1 0 23 3 20 	11908.731518796		0.005051745	1
3 1 0 17 4 13 	11916.345056688		0.005039854	1
3 1 0 17 4 14 	11916.354317278		0.009994033	2
3 1 0 27 2 26 	11916.689536318		0.005059664	1
3 1 0 27 2 25 	11916.911405323		0.005055703	1
3 1 0 29 1 28 	11920.590946930		0.005059657	2
3 1 0 30 0 30 	11927.876083185		0.005075451	2
3 1 0 24 3 22 	11931.984306839		0.009396588	2
3 1 0 24 3 21 	11931.984750780		0.009331913	2
3 1 0 18 4 14 	11933.778712968		0.005043819	1
3 1 0 18 4 15 	11933.778758518		0.005039853	1
3 1 0 30 1 30 	11942.807444248		0.005059657	1
3 1 0 30 1 29 	11949.828606215		0.012026645	2
3 1 0 19 4 15 	11952.178119355		0.005039854	2
3 1 0 19 4 16 	11952.178317339		0.005043819	2
3 1 0 31 0 31 	11957.821958690		0.013030738	2
3 1 0 20 4 17 	11971.539238331		0.005047783	1
3 1 0 20 4 16 	11971.545363237		0.007005483	2
3 1 0 29 2 27 	11972.140817292		0.005063608	1
3 1 0 31 1 31 	11972.570512942		0.005071509	1
3 1 0 31 1 30 	11980.035035457		0.005075444	1
3 1 0 26 3 24 	11981.343960932		0.005055703	2
3 1 0 26 3 23 	11981.344678537		0.005055710	2
3 1 0 32 0 32 	11988.730428099		0.010041922	2
3 1 0 21 4 17 	11991.863374042		0.005047784	1
3 1 0 21 4 18 	11991.863723754		0.005047791	1
3 1 0 30 2 28 	12001.194140254		0.005067564	1
3 1 0 32 1 32 	12003.270684398		0.005075444	1
3 1 0 27 3 25 	12007.472719281		0.005055710	2
3 1 0 27 3 24 	12007.485962040		0.014419436	2
3 1 0 32 1 31 	12011.223350100		0.013027671	2
3 1 0 22 4 19 	12013.156438274		0.005051744	1
3 1 0 22 4 18 	12013.166033699		0.005047783	2
3 1 0 33 0 33 	12020.587724424		0.007967844	2
3 1 0 31 2 29 	12031.221388436		0.005071502	1
3 1 0 28 3 26 	12034.579001359		0.007893560	2
3 1 0 28 3 25 	12034.579847623		0.007745249	2
3 1 0 33 1 33 	12034.918314985		0.005079390	1
3 1 0 23 4 20 	12035.437777483		0.005055709	1
3 1 0 33 1 32 	12043.380308684		0.012031630	2
3 1 0 34 0 34 	12053.412691575		0.005091189	1
3 1 0 24 4 20 	12058.637104930		0.005051753	1
3 1 0 24 4 21 	12058.637609826		0.005055702	1
3 1 0 32 2 31 	12061.791780426		0.005079383	1
3 1 0 32 2 30 	12062.201647396		0.005075451	1
3 1 0 34 1 33 	12076.493222596		0.005079390	1
3 1 0 25 4 22 	12082.817683735		0.005055710	1
3 1 0 35 0 35 	12087.189363378		0.005075445	1
3 1 0 30 3 28 	12091.628205177		0.005067557	1
3 1 0 30 3 27 	12091.630453521		0.005071509	1
3 1 0 33 2 32 	12093.678294925		0.005083326	1
3 1 0 35 1 34 	12110.567193525		0.007052814	2
3 1 0 31 3 29 	12121.610963245		0.005071509	1
3 1 0 31 3 28 	12121.613925975		0.005075444	1
3 1 0 36 0 36 	12121.902319754		0.005099039	1
3 1 0 27 4 23 	12134.095668140		0.005059657	1
3 1 0 27 4 24 	12134.096461464		0.005059664	1
3 1 0 36 1 35 	12145.614909975		0.005095115	1
3 1 0 32 3 30 	12152.554785517		0.005075444	1
3 1 0 32 3 29 	12152.557705444		0.005079390	1
3 1 0 35 2 34 	12160.350159975		0.005091189	1
3 1 0 28 4 25 	12161.154933487		0.005063608	1
3 1 0 28 4 24 	12161.163051623		0.005059664	1
3 1 0 33 3 31 	12184.453090921		0.005079390	1
3 1 0 33 3 30 	12184.457097949		0.005083319	1
3 1 0 29 4 25 	12189.203590291		0.005063608	1
3 1 0 38 0 38 	12194.201174074		0.005102967	2
3 1 0 36 2 35 	12195.114282921		0.005087253	1
3 1 0 36 2 34 	12195.779939533		0.005095116	1
3 1 0 34 3 32 	12217.305230786		0.005091185	1
3 1 0 34 3 31 	12217.309610319		0.005087259	1
3 1 0 38 1 37 	12218.562362031		0.005106885	1
3 1 0 37 2 36 	12230.841357031		0.005095122	1
3 1 0 39 0 39 	12231.768507296		0.005110787	2
3 1 0 35 3 33 	12251.125726423		0.005083326	1
3 1 0 35 3 32 	12251.131450781		0.005083320	1
3 1 0 39 1 38 	12256.481760417		0.005099034	1
3 1 0 38 2 37 	12267.515380416		0.005102955	1
3 1 0 38 2 36 	12268.360612031		0.005102967	1
3 1 0 40 0 40 	12270.284173618		0.008720107	1
3 1 0 32 4 28 	12279.065063302		0.005075451	1
3 1 0 40 1 39 	12295.373362031		0.005106885	1
3 1 0 37 3 35 	12321.617173995		0.005091189	1
3 1 0 37 3 34 	12321.624969096		0.005091183	1
3 1 0 38 3 36 	12358.292736785		0.005099034	1
3 1 0 38 3 35 	12358.321249531		0.005099046	1
3 1 0 39 3 37 	12395.952402031		0.005106885	1
3 1 0 39 3 36 	12395.961009950		0.005491826	1
3 2 0 5 0 5 	12625.964719187		0.005000010	2
3 2 0 1 1 0 	12631.328206388		0.002000026	1
3 2 0 6 0 6 	12631.788988414		0.007348476	1
3 2 0 2 1 1 	12633.275801135		0.005000010	1
3 2 0 7 0 7 	12638.545849507		0.006034079	1
3 2 0 4 1 4 	12639.974797187		0.005000010	1
3 2 0 4 1 3 	12640.116361737		0.002000025	1
3 2 0 5 1 5 	12644.756654265		0.002000026	2
3 2 0 5 1 4 	12645.005232623		0.002000026	2
3 2 0 8 0 8 	12646.302558481		0.005008005	1
3 2 0 6 1 6 	12650.514562492		0.002010002	1
3 2 0 6 1 5 	12650.867056502		0.002010002	1
3 2 0 9 0 9 	12655.014910257		0.002068842	1
3 2 0 7 1 7 	12657.243642477		0.005008004	1
3 2 0 7 1 6 	12657.696856644		0.002019928	1
3 2 0 10 0 10 	12664.698919484		0.002870559	1
3 2 0 8 1 8 	12664.905562492		0.002010002	1
3 2 0 8 1 7 	12665.488912945		0.005011996	1
3 2 0 9 1 9 	12673.531642477		0.002019928	1
3 2 0 9 1 8 	12674.262677310		0.005015985	1
3 2 0 11 0 11 	12675.340925938		0.002068842	2
3 2 0 10 1 10 	12683.132610844		0.002029805	1
3 2 0 10 1 9 	12684.035034288		0.002049417	1
3 2 0 12 0 12 	12686.945925408		0.002059153	2
3 2 0 11 1 11 	12693.683160053		0.002039634	1
3 2 0 11 1 10 	12694.772583220		0.002068842	1
3 2 0 13 0 13 	12699.523177463		0.002059154	2
3 2 0 5 2 4 	12701.451723813		0.002000026	1
3 2 0 5 2 3 	12701.451809140		0.002000026	1
3 2 0 12 1 12 	12705.188838317		0.002059153	1
3 2 0 12 1 11 	12706.476480895		0.002068842	1
3 2 0 6 2 5 	12707.255352523		0.002010001	1
3 2 0 6 2 4 	12707.255399027		0.002010001	1
3 2 0 14 0 14 	12713.064575814		0.002068844	2
3 2 0 7 2 6 	12714.036363538		0.002010001	1
3 2 0 7 2 5 	12714.036615014		0.002010001	1
3 2 0 13 1 13 	12717.645320919		0.002068843	1
3 2 0 8 2 7 	12721.775711568		0.002010002	1
3 2 0 8 2 6 	12721.776292988		0.002010002	1
3 2 0 15 0 15 	12727.562677672		0.002059154	2
3 2 0 14 1 14 	12731.070222041		0.002068844	1
3 2 0 14 1 13 	12732.824215141		0.002078488	1
3 2 0 16 0 16 	12743.025677630		0.002068844	2
3 2 0 15 1 15 	12745.435237326		0.005031910	1
3 2 0 15 1 14 	12747.453492927		0.002068843	2
3 2 0 11 2 10 	12750.782948062		0.002059152	1
3 2 0 11 2 9 	12750.788972241		0.002059152	1
3 2 0 17 0 17 	12759.456640679		0.002068844	2
3 2 0 12 2 11 	12762.395451817		0.002059153	1
3 2 0 12 2 10 	12762.403443555		0.002068842	1
3 2 0 16 1 15 	12763.055215141		0.002078488	1
3 2 0 13 2 12 	12774.966718406		0.002068843	1
3 2 0 13 2 11 	12774.977474737		0.002068843	1
3 2 0 18 0 18 	12776.848116330		0.002078489	1
3 2 0 17 1 16 	12779.644010086		0.005039853	1
3 2 0 14 2 13 	12788.499957289		0.002059153	2
3 2 0 14 2 12 	12788.510959083		0.002068842	2
3 2 0 18 1 18 	12794.333045306		0.002078489	1
3 2 0 18 1 17 	12797.189308297		0.002107158	1
3 2 0 15 2 14 	12803.008077145		0.002068843	2
3 2 0 15 2 13 	12803.022413781		0.002068843	2
3 2 0 20 0 20 	12814.523205316		0.002088107	1
3 2 0 19 1 18 	12815.687689215		0.002107159	1
3 2 0 8 3 5 	12815.793550881		0.002029805	1
3 2 0 8 3 6 	12815.793925156		0.002029805	1
3 2 0 16 2 15 	12818.476107530		0.002088089	2
3 2 0 16 2 14 	12818.497191111		0.002078488	2
3 2 0 9 3 6 	12824.504063365		0.002019928	2
3 2 0 9 3 7 	12824.504108744		0.002019928	2
3 2 0 20 1 20 	12831.707310923		0.002097647	1
3 2 0 10 3 7 	12834.170550881		0.002029805	1
3 2 0 10 3 8 	12834.170925156		0.002029805	1
3 2 0 17 2 16 	12834.916911177		0.005035882	2
3 2 0 17 2 15 	12834.940044252		0.002078488	2
3 2 0 21 1 21 	12851.826962747		0.002097663	1
3 2 0 18 2 17 	12852.318343708		0.005035883	2
3 2 0 18 2 16 	12852.352790127		0.002088089	2
3 2 0 21 1 20 	12855.663689215		0.002107159	1
3 2 0 12 3 9 	12856.412107966		0.002049417	1
3 2 0 12 3 10 	12856.412373367		0.002049417	1
3 2 0 13 3 11 	12868.974159194		0.002059152	2
3 2 0 13 3 10 	12868.974181724		0.002059152	2
3 2 0 22 1 22 	12872.895886818		0.002107160	1
3 2 0 22 1 21 	12877.100930363		0.002107176	2
3 2 0 14 3 12 	12882.505874818		0.002059154	1
3 2 0 14 3 11 	12882.505894917		0.002068842	1
3 2 0 20 2 19 	12889.987846739		0.002107160	1
3 2 0 20 2 18 	12890.061654175		0.002097663	1
3 2 0 23 1 23 	12894.924569615		0.002107178	1
3 2 0 15 3 12 	12896.997822854		0.002068843	2
3 2 0 15 3 13 	12896.997854750		0.002068844	2
3 2 0 21 2 20 	12910.260561789		0.002097663	1
3 2 0 21 2 19 	12910.358423720		0.002097646	1
3 2 0 16 3 14 	12912.417748834		0.005035883	1
3 2 0 16 3 13 	12912.417921416		0.005039852	1
3 2 0 24 1 24 	12917.891560456		0.002116631	1
3 2 0 24 1 23 	12922.877170015		0.002126074	1
3 2 0 17 3 14 	12928.897883892		0.002088090	2
3 2 0 17 3 15 	12928.897897888		0.002097645	2
3 2 0 22 2 21 	12931.514846739		0.002107160	1
3 2 0 22 2 20 	12931.623654175		0.002097663	1
3 2 0 25 1 25 	12941.834617286		0.002107178	2
3 2 0 18 3 16 	12946.279865953		0.002097646	1
3 2 0 18 3 15 	12946.280060318		0.002097653	1
3 2 0 25 1 24 	12947.213804607		0.002126059	1
3 2 0 23 2 22 	12953.750068968		0.005047791	1
3 2 0 23 2 21 	12953.857243255		0.002107160	2
3 2 0 9 4 6 	12955.615489030		0.002019930	1
3 2 0 9 4 5 	12955.615559234		0.002019932	1
3 2 0 19 3 17 	12964.632777031		0.002097645	2
3 2 0 19 3 16 	12964.632826608		0.002088090	2
3 2 0 10 4 6 	12965.305649802		0.002029805	2
3 2 0 10 4 7 	12965.305792475		0.002029805	2
3 2 0 26 1 26 	12966.712709264		0.002116631	2
3 2 0 11 4 8 	12975.933294624		0.002039634	1
3 2 0 11 4 7 	12975.933518746		0.002039634	1
3 2 0 27 0 27 	12976.639140465		0.002116632	1
3 2 0 24 2 23 	12976.895343084		0.002126059	1
3 2 0 24 2 22 	12977.061922686		0.002116648	1
3 2 0 20 3 18 	12983.953422441		0.002107159	1
3 2 0 20 3 17 	12983.953748966		0.002107176	1
3 2 0 12 4 8 	12987.547918365		0.002049417	1
3 2 0 12 4 9 	12987.548103714		0.002049417	1
3 2 0 27 1 26 	12998.808637151		0.002144792	1
3 2 0 25 2 23 	13001.224137918		0.002126059	1
3 2 0 28 1 28 	13019.330444248		0.002144792	1
3 2 0 22 3 20 	13025.470422441		0.002107159	1
3 2 0 22 3 19 	13025.470748966		0.002107176	1
3 2 0 26 2 24 	13026.338348793		0.002126077	1
3 2 0 29 0 29 	13031.555831910		0.005079383	1
3 2 0 16 4 13 	13043.547912587		0.002088089	1
3 2 0 16 4 12 	13043.547968377		0.002097645	1
3 2 0 23 3 21 	13047.678315658		0.002107176	1
3 2 0 23 3 20 	13047.678666561		0.002116630	1
3 2 0 29 1 28 	13054.270256709		0.002163361	1
3 2 0 17 4 13 	13059.957056688		0.002097649	1
3 2 0 17 4 14 	13059.957194901		0.002107157	1
3 2 0 30 0 30 	13060.460164623		0.002200046	1
3 2 0 28 2 26 	13079.476348793		0.002126077	1
3 2 0 31 0 31 	13090.312831910		0.002190920	1
3 2 0 31 1 31 	13105.384512942		0.002172603	1
3 2 0 31 1 30 	13113.596035457		0.002181772	1
3 2 0 20 4 16 	13114.987013507		0.002116628	1
3 2 0 20 4 17 	13114.987238331		0.002116629	1
3 2 0 26 3 24 	13120.076145300		0.002135446	1
3 2 0 26 3 23 	13120.076857575		0.002135463	1
3 2 0 21 4 17 	13135.247182023		0.002107158	1
3 2 0 21 4 18 	13135.247439777		0.002107166	1
3 2 0 32 1 32 	13135.970055875		0.002181772	2
3 2 0 27 3 25 	13146.126897413		0.002135463	1
3 2 0 27 3 24 	13146.127867600		0.002144792	1
3 2 0 33 0 33 	13152.875363378		0.002181775	1
3 2 0 28 3 26 	13173.133145300		0.002135446	1
3 2 0 28 3 25 	13173.133857575		0.002135463	1
3 2 0 33 1 32 	13176.772581912		0.002200030	1
3 2 0 34 0 34 	13185.584319754		0.002236113	1
3 2 0 34 1 33 	13209.813909975		0.002227151	1
3 2 0 33 2 32 	13228.607679678		0.002181789	1
3 2 0 33 2 31 	13229.179798261		0.002190920	1
3 2 0 30 3 28 	13230.012205177		0.005067557	1
3 2 0 30 3 27 	13230.014453521		0.005071509	1
3 2 0 35 1 35 	13233.406129754		0.002227151	1
3 2 0 36 0 36 	13253.865174530		0.005102967	1
3 2 0 36 1 36 	13267.782446669		0.005091183	1
4 0 0 3 0 3 	13433.206775959		0.005000010	2
4 0 0 4 0 4 	13437.086889415		0.008660260	1
4 0 0 5 0 5 	13441.956662415		0.008660260	1
4 0 0 6 0 6 	13447.806275453		0.005004009	2
4 0 0 7 0 7 	13454.616255961		0.006034079	2
4 0 0 8 0 8 	13462.400773447		0.005008005	2
4 0 0 6 1 6 	13464.557739997		0.005004009	2
4 0 0 6 1 5 	13464.855056502		0.005004009	1
4 0 0 9 0 9 	13471.160910257		0.005027933	1
4 0 0 7 1 7 	13471.315120490		0.005004009	2
4 0 0 7 1 6 	13471.716856644		0.005008004	1
4 0 0 8 1 7 	13479.560484723		0.005004009	2
4 0 0 10 0 10 	13480.891238982		0.005008005	2
4 0 0 9 1 9 	13487.741401265		0.005008004	2
4 0 0 9 1 8 	13488.377476425		0.005008004	3
4 0 0 11 0 11 	13491.594331734		0.005023953	3
4 0 0 10 1 10 	13497.402084662		0.005008005	2
4 0 0 10 1 9 	13498.177008096		0.006678000	2
4 0 0 3 2 2 	13500.751460203		0.005000010	1
4 0 0 3 2 1 	13500.751466242		0.005000010	1
4 0 0 12 0 12 	13503.258925408		0.005023954	2
4 0 0 4 2 2 	13504.652457181		0.005000010	3
4 0 0 4 2 3 	13504.653876965		0.005000010	2
4 0 0 11 1 11 	13508.016345181		0.005023953	3
4 0 0 11 1 10 	13508.966948062		0.005023953	1
4 0 0 5 2 3 	13509.522710050		0.005000010	3
4 0 0 5 2 4 	13509.523685472		0.005000010	2
4 0 0 6 2 5 	13515.352481544		0.007378718	2
4 0 0 6 2 4 	13515.353677571		0.005004009	4
4 0 0 13 0 13 	13515.914677463		0.005023954	2
4 0 0 12 1 12 	13519.614220527		0.005023953	3
4 0 0 12 1 11 	13520.728966356		0.005023954	2
4 0 0 7 2 5 	13522.170575320		0.005004009	3
4 0 0 7 2 6 	13522.170981672		0.005004009	2
4 0 0 14 0 14 	13529.528130767		0.005023954	3
4 0 0 8 2 7 	13529.946502874		0.005011996	3
4 0 0 8 2 6 	13529.949986089		0.005004009	5
4 0 0 13 1 13 	13532.169143326		0.005023953	1
4 0 0 13 1 12 	13533.467977388		0.005027933	1
4 0 0 9 2 8 	13538.704557942		0.005008004	3
4 0 0 9 2 7 	13538.710523636		0.005008004	4
4 0 0 15 0 15 	13544.107677672		0.005023954	2
4 0 0 14 1 14 	13545.687838317		0.005023954	1
4 0 0 14 1 13 	13547.174134889		0.005027933	3
4 0 0 10 2 9 	13548.435207069		0.005011996	3
4 0 0 10 2 8 	13548.437074685		0.005011996	4
4 0 0 11 2 10 	13559.134372693		0.008325621	2
4 0 0 11 2 9 	13559.135430465		0.005015985	3
4 0 0 16 0 16 	13559.663177630		0.005027933	2
4 0 0 15 1 15 	13560.164268943		0.005027933	3
4 0 0 15 1 14 	13561.872492927		0.005027933	2
4 0 0 12 2 11 	13570.806829616		0.005019971	4
4 0 0 12 2 10 	13570.815815581		0.005023954	3
4 0 0 16 1 16 	13575.600222041		0.005027933	1
4 0 0 17 0 17 	13576.189942039		0.005027934	1
4 0 0 16 1 15 	13577.545215141		0.005031909	1
4 0 0 13 2 12 	13583.451510282		0.005027933	3
4 0 0 13 2 11 	13583.468530102		0.005023953	3
4 0 0 3 3 0 	13585.055460203		0.005000010	1
4 0 0 3 3 1 	13585.055466242		0.005000010	1
4 0 0 4 3 1 	13588.937758785		0.005000010	1
4 0 0 4 3 2 	13588.944207042		0.007079007	2
4 0 0 17 1 17 	13592.009237326		0.005031910	1
4 0 0 18 0 18 	13593.682909920		0.005031910	3
4 0 0 5 3 3 	13593.816141024		0.005000010	3
4 0 0 5 3 2 	13593.817273646		0.005000010	2
4 0 0 17 1 16 	13594.195877068		0.005031910	3
4 0 0 14 2 13 	13597.061126225		0.005027933	2
4 0 0 14 2 12 	13597.073155156		0.005023954	3
4 0 0 6 3 4 	13599.645255346		0.005004009	2
4 0 0 6 3 3 	13599.645352523		0.005004009	1
4 0 0 7 3 4 	13606.457373642		0.005004009	3
4 0 0 7 3 5 	13606.458386742		0.005008004	4
4 0 0 18 1 18 	13609.393271900		0.005031910	2
4 0 0 15 2 14 	13611.651706636		0.005027933	2
4 0 0 15 2 13 	13611.674836873		0.006142842	2
4 0 0 18 1 17 	13611.821205838		0.005035883	4
4 0 0 19 0 19 	13612.147599904		0.005031910	2
4 0 0 8 3 6 	13614.235262163		0.005004011	3
4 0 0 8 3 5 	13614.246469171		0.005004009	3
4 0 0 9 3 6 	13622.994570029		0.005011996	4
4 0 0 9 3 7 	13622.994606869		0.005008004	4
4 0 0 16 2 15 	13627.206506054		0.006166270	2
4 0 0 16 2 14 	13627.234458039		0.005031910	2
4 0 0 19 1 19 	13627.720807815		0.005031910	2
4 0 0 19 1 18 	13630.421341364		0.005959664	2
4 0 0 20 0 20 	13631.578626474		0.005035883	2
4 0 0 10 3 7 	13632.719606107		0.005011996	3
4 0 0 10 3 8 	13632.721605765		0.005011996	2
4 0 0 11 3 8 	13643.415972189		0.005015985	3
4 0 0 11 3 9 	13643.423988248		0.005015985	1
4 0 0 17 2 16 	13643.741478676		0.005035883	1
4 0 0 17 2 15 	13643.766575928		0.005031910	4
4 0 0 20 1 20 	13647.010595342		0.005035883	3
4 0 0 20 1 19 	13650.000366009		0.005039853	2
4 0 0 21 0 21 	13651.979981222		0.005035883	3
4 0 0 12 3 10 	13655.084922961		0.010010000	2
4 0 0 12 3 9 	13655.085060190		0.005019971	4
4 0 0 18 2 17 	13661.231965096		0.005035883	4
4 0 0 18 2 16 	13661.273209910		0.005031910	4
4 0 0 21 1 21 	13667.269872528		0.005039860	3
4 0 0 13 3 10 	13667.719562297		0.005027933	4
4 0 0 13 3 11 	13667.724622265		0.007027105	2
4 0 0 21 1 20 	13670.558671695		0.005039860	2
4 0 0 22 0 22 	13673.336070624		0.005035890	3
4 0 0 19 2 18 	13679.694592313		0.005039853	2
4 0 0 19 2 17 	13679.744035480		0.005035883	3
4 0 0 14 3 11 	13681.330859241		0.005023954	4
4 0 0 14 3 12 	13681.332732937		0.005031909	3
4 0 0 22 1 22 	13688.493098871		0.005039853	2
4 0 0 23 0 23 	13695.667015379		0.005039854	2
4 0 0 15 3 12 	13695.909146328		0.005031909	5
4 0 0 15 3 13 	13695.910854750		0.005027933	2
4 0 0 20 2 19 	13699.130308297		0.005043820	1
4 0 0 20 2 18 	13699.194553892		0.005039860	3
4 0 0 23 1 23 	13710.669084121		0.005039860	2
4 0 0 16 3 13 	13711.458913696		0.005027933	4
4 0 0 16 3 14 	13711.465191054		0.005031909	3
4 0 0 23 1 22 	13714.605371956		0.005047784	3
4 0 0 6 4 3 	13717.387588017		0.005008004	1
4 0 0 24 0 24 	13718.966082176		0.006633235	2
4 0 0 21 2 20 	13719.520174541		0.005043820	1
4 0 0 21 2 19 	13719.606710371		0.005039853	3
4 0 0 7 4 3 	13724.194405377		0.005004010	2
4 0 0 7 4 4 	13724.197489030		0.005008005	1
4 0 0 17 3 15 	13727.978964404		0.005035883	2
4 0 0 17 3 14 	13727.980841891		0.005035883	4
4 0 0 8 4 4 	13731.968867430		0.005008004	3
4 0 0 8 4 5 	13731.969481237		0.005011996	1
4 0 0 24 1 24 	13733.812741571		0.005047784	2
4 0 0 24 1 23 	13738.078184330		0.005047784	3
4 0 0 9 4 6 	13740.722294624		0.005015985	1
4 0 0 9 4 5 	13740.723518746		0.005015985	1
4 0 0 22 2 21 	13740.897719838		0.005043827	2
4 0 0 22 2 20 	13740.993283394		0.005039860	4
4 0 0 25 0 25 	13743.227324145		0.005043821	2
4 0 0 18 3 16 	13745.467307394		0.005035883	2
4 0 0 18 3 15 	13745.471188919		0.005039856	3
4 0 0 10 4 7 	13750.436103714		0.005019971	1
4 0 0 25 1 25 	13757.911151575		0.005047792	2
4 0 0 11 4 7 	13761.127181930		0.005019971	2
4 0 0 11 4 8 	13761.129148140		0.005023953	1
4 0 0 25 1 24 	13762.525996344		0.005051745	2
4 0 0 23 2 22 	13763.235229810		0.005043827	2
4 0 0 23 2 21 	13763.344761206		0.005047792	3
4 0 0 19 3 16 	13763.929190021		0.005035883	3
4 0 0 19 3 17 	13763.929277031		0.005039853	2
4 0 0 26 0 26 	13768.450068910		0.005043828	2
4 0 0 12 4 8 	13772.782215495		0.005023953	3
4 0 0 12 4 9 	13772.788601062		0.005027933	1
4 0 0 26 1 26 	13782.965858071		0.005051745	1
4 0 0 20 3 18 	13783.366422441		0.005043820	1
4 0 0 20 3 17 	13783.369993648		0.005043827	2
4 0 0 13 4 9 	13785.420853639		0.005027933	1
4 0 0 13 4 10 	13785.426824497		0.005031909	1
4 0 0 24 2 23 	13786.539959952		0.005047784	1
4 0 0 24 2 22 	13786.672330029		0.006045844	2
4 0 0 26 1 25 	13787.959701919		0.005051752	2
4 0 0 27 0 27 	13794.635687958		0.005047785	2
4 0 0 14 4 10 	13799.019720734		0.005027933	2
4 0 0 14 4 11 	13799.026753576		0.006417860	2
4 0 0 21 3 19 	13803.761189061		0.005043820	2
4 0 0 21 3 18 	13803.761420551		0.005043820	2
4 0 0 27 1 27 	13808.985288075		0.005047792	3
4 0 0 25 2 24 	13810.815293882		0.005919699	2
4 0 0 15 4 11 	13813.592577266		0.005031909	2
4 0 0 15 4 12 	13813.593439655		0.005035882	1
4 0 0 27 1 26 	13814.354912616		0.005055703	2
4 0 0 28 0 28 	13821.783547476		0.005059664	2
4 0 0 22 3 20 	13825.127656967		0.005043820	2
4 0 0 22 3 19 	13825.127986766		0.005043827	2
4 0 0 16 4 12 	13829.132261077		0.005031910	3
4 0 0 16 4 13 	13829.134906090		0.005031909	1
4 0 0 28 1 28 	13835.957963755		0.005059657	3
4 0 0 26 2 25 	13836.049003329		0.005051752	2
4 0 0 28 1 27 	13841.720734826		0.005063615	1
4 0 0 17 4 13 	13845.640056688		0.005039854	1
4 0 0 17 4 14 	13845.640194901		0.005043819	1
4 0 0 23 3 21 	13847.458610222		0.005043820	2
4 0 0 23 3 20 	13847.466187124		0.005047791	2
4 0 0 29 0 29 	13849.891033681		0.005063608	2
4 0 0 27 2 26 	13862.246536675		0.005051752	1
4 0 0 18 4 15 	13863.122835552		0.005035883	2
4 0 0 18 4 14 	13863.122840672		0.005039853	2
4 0 0 29 1 29 	13863.878820387		0.006146733	2
4 0 0 29 1 28 	13870.059946930		0.005059657	2
4 0 0 24 3 21 	13870.763373412		0.005047784	2
4 0 0 24 3 22 	13870.765722185		0.005051745	1
4 0 0 30 0 30 	13878.965001747		0.005075451	1
4 0 0 19 4 15 	13881.573619355		0.005039854	2
4 0 0 19 4 16 	13881.573817339		0.005043819	2
4 0 0 28 2 26 	13889.658492972		0.006852065	2
4 0 0 9 5 5 	13891.632999480		0.008093424	2
4 0 0 9 5 4 	13891.633113187		0.008052461	2
4 0 0 30 1 30 	13892.769780204		0.005059664	1
4 0 0 25 3 23 	13895.028747365		0.008300975	2
4 0 0 25 3 22 	13895.032957458		0.005047791	3
4 0 0 30 1 29 	13899.376606215		0.006826056	2
4 0 0 20 4 16 	13900.985863237		0.005043819	2
4 0 0 20 4 17 	13900.985998424		0.005039853	2
4 0 0 10 5 5 	13901.337490042		0.005019971	1
4 0 0 10 5 6 	13901.337667366		0.005019971	1
4 0 0 31 0 31 	13909.003831910		0.005079383	1
4 0 0 11 5 7 	13912.033764843		0.011936708	2
4 0 0 11 5 6 	13912.033914786		0.011926714	2
4 0 0 29 2 27 	13917.836817292		0.005063608	1
4 0 0 26 3 23 	13920.255276995		0.005051752	1
4 0 0 26 3 24 	13920.259433743		0.005051745	2
4 0 0 21 4 18 	13921.368723754		0.005047791	1
4 0 0 21 4 17 	13921.369778032		0.005043820	2
4 0 0 31 1 31 	13922.605351711		0.005071502	2
4 0 0 12 5 7 	13923.676052860		0.005027933	1
4 0 0 31 1 30 	13929.647035457		0.005075444	1
4 0 0 13 5 9 	13936.299335478		0.005031909	1
4 0 0 13 5 8 	13936.299364621		0.005027934	1
4 0 0 22 4 18 	13942.731033699		0.006666109	2
4 0 0 22 4 19 	13942.731338302		0.006784476	2
4 0 0 27 3 24 	13946.472108197		0.005051752	2
4 0 0 27 3 25 	13946.472897413		0.005055710	1
4 0 0 30 2 29 	13946.651129176		0.005071502	1
4 0 0 30 2 28 	13946.963256709		0.005067557	1
4 0 0 14 5 9 	13949.891670149		0.005035882	1
4 0 0 14 5 10 	13949.891679281		0.005031910	1
4 0 0 15 5 10 	13964.454602744		0.005035882	1
4 0 0 15 5 11 	13964.454645992		0.005035883	1
4 0 0 23 4 19 	13965.057320824		0.005051755	1
4 0 0 23 4 20 	13965.057777483		0.005055709	1
4 0 0 28 3 25 	13973.625671731		0.005055703	3
4 0 0 28 3 26 	13973.632001359		0.005055703	2
4 0 0 31 2 30 	13976.707973637		0.005067564	2
4 0 0 31 2 29 	13977.074388436		0.005071502	1
4 0 0 16 5 12 	13979.990291678		0.005961907	2
4 0 0 16 5 11 	13979.990315015		0.005907558	2
4 0 0 24 4 20 	13988.339053891		0.005047791	1
4 0 0 24 4 21 	13988.341024050		0.005051744	2
4 0 0 33 1 32 	13993.121035457		0.005075444	1
4 0 0 17 5 12 	13996.489344659		0.005773273	2
4 0 0 17 5 13 	13996.489435368		0.005768300	2
4 0 0 29 3 26 	14001.763684912		0.005577072	2
4 0 0 29 3 27 	14001.767328527		0.005063615	1
4 0 0 32 2 30 	14008.147647396		0.005075451	1
4 0 0 25 4 21 	14012.593691364		0.005051755	2
4 0 0 25 4 22 	14012.594230609		0.005055709	2
4 0 0 18 5 14 	14013.965904075		0.005035884	1
4 0 0 18 5 13 	14013.965959881		0.005039852	1
4 0 0 34 1 33 	14026.294909975		0.005095115	1
4 0 0 30 3 27 	14030.862817292		0.005063608	1
4 0 0 19 5 15 	14032.387204001		0.005047783	1
4 0 0 19 5 14 	14032.393252977		0.005043820	1
4 0 0 26 4 22 	14037.809735389		0.005055710	1
4 0 0 26 4 23 	14037.810599009		0.005059657	1
4 0 0 20 5 16 	14051.797892472		0.006635249	2
4 0 0 20 5 15 	14051.798153888		0.006597487	2
4 0 0 31 3 28 	14060.921533114		0.005067564	2
4 0 0 31 3 29 	14060.921963245		0.005071509	1
4 0 0 27 4 24 	14063.995461464		0.005059664	1
4 0 0 21 5 17 	14072.168568748		0.005047783	2
4 0 0 21 5 16 	14072.168789611		0.005043820	2
4 0 0 28 4 24 	14091.140051623		0.005059664	1
4 0 0 28 4 25 	14091.140933487		0.005063608	1
4 0 0 22 5 18 	14093.503386060		0.005051744	1
4 0 0 22 5 17 	14093.503790618		0.005051751	1
4 0 0 23 5 18 	14115.800399050		0.005055702	1
4 0 0 23 5 19 	14115.804954831		0.005051751	1
4 0 0 29 4 25 	14119.258590291		0.005063608	1
4 0 0 29 4 26 	14119.260064782		0.005059664	2
4 0 0 24 5 20 	14139.072681364		0.005055712	1
4 0 0 24 5 19 	14139.073202377		0.005059663	1
4 0 0 30 4 26 	14148.333122029		0.005067564	1
4 0 0 30 4 27 	14148.335259767		0.005063608	2
4 0 0 34 3 31 	14156.880610319		0.005087259	1
4 0 0 25 5 21 	14163.307630159		0.005055710	1
4 0 0 25 5 20 	14163.308102669		0.005059657	1
4 0 0 31 4 28 	14178.372621979		0.005075451	1
4 0 0 26 5 22 	14188.515660961		0.005059657	1
4 0 0 26 5 21 	14188.516371074		0.005059664	1
4 0 0 35 3 33 	14190.780726423		0.005083326	1
4 0 0 35 3 32 	14190.786450781		0.005083320	1
4 0 0 32 4 29 	14209.367269387		0.005079383	1
4 0 0 32 4 28 	14209.378063302		0.005075451	1
4 0 0 27 5 22 	14214.674056248		0.005063608	1
4 0 0 27 5 23 	14214.679183015		0.005059664	1
4 0 0 36 3 34 	14225.641569121		0.005091185	1
4 0 0 33 4 30 	14241.332673243		0.005083326	1
4 0 0 33 4 29 	14241.332930681		0.005079383	1
4 0 0 28 5 24 	14241.808792249		0.005067557	1
4 0 0 28 5 23 	14241.808874469		0.005071509	1
4 0 0 29 5 25 	14269.893817537		0.005063615	1
4 0 0 29 5 24 	14269.894253275		0.005067557	1
4 0 0 34 4 30 	14274.256081933		0.005083326	1
4 0 0 34 4 31 	14274.256374176		0.005083320	1
4 0 0 30 5 25 	14298.937925064		0.005071509	1
4 0 0 30 5 26 	14298.938093335		0.005067557	1
4 0 0 35 4 32 	14308.142458847		0.005087260	1
4 0 0 35 4 31 	14308.142720786		0.005087255	1
4 0 0 31 5 27 	14328.964425770		0.005071509	1
4 0 0 36 4 32 	14342.991188456		0.005087259	1
4 0 0 36 4 33 	14342.991413949		0.005087253	1
4 0 0 32 5 27 	14359.938453273		0.005079390	1
4 0 0 32 5 28 	14359.938690249		0.005083319	1
4 0 0 37 4 34 	14378.783421053		0.005095116	1
4 0 0 33 5 29 	14391.882274045		0.005083327	1
4 0 0 34 5 30 	14424.771083663		0.005087253	1
4 0 0 37 5 33 	14529.227483995		0.005473592	1
4 1 0 8 0 8 	14566.878988414		0.012247453	1
4 1 0 9 0 9 	14591.806910257		0.005027933	1
4 1 0 11 0 11 	14594.376910257		0.005027933	1
4 1 0 12 0 12 	14605.853919484		0.005407412	1
4 1 0 6 1 6 	14624.605562492		0.010002005	1
4 1 0 7 1 7 	14631.640642477		0.005008004	1
4 1 0 9 1 8 	14636.992677310		0.010008002	1
4 1 0 13 0 13 	14639.583413306		0.005023954	1
4 1 0 8 1 8 	14639.641610844		0.005011996	1
4 1 0 11 1 10 	14639.708677310		0.005015985	1
4 1 0 10 1 9 	14647.462034288		0.005019971	1
4 1 0 9 1 9 	14648.580160053		0.005015985	1
4 1 0 12 1 11 	14651.031034288		0.005019971	1
4 1 0 16 0 16 	14659.664238931		0.005027933	1
4 1 0 13 1 12 	14664.278583220		0.005027933	1
4 1 0 15 0 15 	14667.993942039		0.010013996	1
4 1 0 14 1 13 	14677.359480895		0.010013996	1
4 1 0 12 1 12 	14682.773838317		0.005023954	1
4 1 0 13 1 13 	14695.586320919		0.010013996	1
4 1 0 17 0 17 	14702.042339318		0.010015993	1
4 1 0 17 1 16 	14722.013008466		0.005031910	1
4 1 0 17 1 17 	14722.728237326		0.005031910	1
4 1 0 16 1 15 	14732.098182653		0.005039852	1
4 1 0 18 1 17 	14738.825182653		0.010019986	1
4 1 0 18 1 18 	14739.364045306		0.005031910	1
4 1 0 20 1 20 	14775.669427470		0.005035883	1
4 1 0 20 1 19 	14775.978308297		0.005043820	1
4 1 0 21 1 21 	14795.279276312		0.005035890	1
4 1 0 24 0 24 	14815.132119738		0.010019990	1
4 1 0 22 1 21 	14816.688690710		0.005043827	1
4 1 0 22 1 22 	14816.720310923		0.005039853	1
4 1 0 21 1 20 	14828.902732458		0.005047784	1
4 1 0 25 0 25 	14839.986507826		0.005043821	1
4 1 0 26 0 26 	14876.620044614		0.005043828	1
